76
Beroe_sp_Antarctica                 0.0000000 0.2563339 0.1518816 1.0852861 0.3311807 1.3016078 0.2515306 1.5583720 1.2375349 0.3447288 0.1916683 0.9479057 0.2530625 0.5284588 1.1141503 0.1850774 0.9411000 0.9811560 1.1532696 1.3318877 0.9026064 1.3717146 1.0094664 0.1809853 1.0271613 0.1304157 1.1989234 0.3504624 1.2232838 1.1980575 1.5397480 1.1020992 1.5426248 1.2286706 0.3248568 0.1484151 0.1945809 1.2542764 1.1214631 0.5421601 1.0401022 0.3899728 0.2325983 0.9690124 1.2275779 1.3721474 0.8324820 0.9100086 0.4148881 1.5255098 1.2032698 0.1119784 0.7197062 1.1509422 0.2044770 1.2910088 1.1274951 1.0095533 0.3452228 1.1547736 0.4302201 0.8916091 0.1904319 0.9522092 1.1439684 1.1283499 1.2424468 1.0937209 0.3106015 0.3646794 1.3517996 1.0247104 0.0575032 1.1034145 0.9330861 0.3420305 
Mertensiidae_sp_Washington_USA      0.2563339 0.0000000 0.4001323 0.8967274 0.3169502 1.2714890 0.2730779 1.2350986 1.0692732 0.2816571 0.2797131 1.0462863 0.1878485 0.3992835 1.1256584 0.2789927 0.9513039 1.0697101 1.2938437 1.1520070 1.0431909 1.2643886 1.0072044 0.3863965 1.2136547 0.3353591 1.0237916 0.2990279 1.7943663 1.1613619 1.3643786 1.0579448 1.2831544 1.6855140 0.1903353 0.2485137 0.2328930 1.0921912 1.0074881 0.2075172 1.0509227 0.3162175 0.0313638 1.0562023 1.6721982 1.6907857 0.9400496 1.0609478 0.6085968 1.8585481 0.7069274 0.3125940 0.7682425 1.1827792 0.2776921 1.2619831 1.0665617 1.0784197 0.3398494 1.3500013 0.3572777 0.9243907 0.0370202 1.1092562 1.1264229 1.3242615 1.1105494 1.1761317 0.7586770 0.2647423 1.3085851 1.0838985 0.3651417 1.0374341 0.9815127 0.3473144 
Ctenophora_sp_Florida_USA           0.1518816 0.4001323 0.0000000 0.5964987 0.3618350 1.1163005 0.1778238 1.1542141 1.1125898 0.1636460 0.1138585 0.8888080 0.1550117 0.3258543 0.9387348 0.0744634 0.9004170 0.9416268 0.8968078 0.8973468 0.9238140 1.8067333 1.0295290 0.2448563 1.1649488 0.2279356 0.9209134 0.1758476 1.0717406 1.1096654 1.3090661 0.9047470 0.9385596 1.1335511 0.2697982 0.1261872 0.0947322 1.0631558 1.0377551 0.1255392 1.0389055 0.1114073 0.2916322 0.8835688 1.3427954 1.0989246 0.2241265 0.8740740 0.2061424 1.3276615 0.2496187 0.2582111 0.2848596 1.2722153 0.1465487 1.4410803 0.8719175 0.9793136 0.2625815 0.7904676 0.4533877 0.7267051 0.2147315 0.4251640 1.0966371 0.8358493 1.0752276 0.6005892 0.3278751 0.1874200 1.1562489 0.9437119 0.1725517 0.8858773 0.9718153 0.2638983 
Bolocera_tuediae                    1.0852861 0.8967274 0.5964987 0.0000000 1.1800563 0.6949988 0.7766530 0.9334751 0.4760589 0.9105515 1.1279513 0.3954419 1.0083092 0.8446298 0.5876894 1.1500613 0.1679446 0.5111347 0.6796997 0.5766704 0.4975425 0.4726230 0.5293293 0.8608199 0.5307873 0.6981979 0.4795225 0.8143584 1.0169340 0.7127256 0.8715199 0.5828295 0.5906540 0.5855673 0.9519438 1.1225599 1.2274125 0.5955329 0.5086367 1.0408428 0.4862430 1.0623283 0.8136676 0.5528726 0.7150786 1.0882027 0.6301063 0.6448809 1.0000230 1.0488389 1.2918555 1.8313373 0.5014748 0.3434566 0.7395731 0.5828002 0.6175209 0.6093274 0.5974547 0.7213912 1.0964556 0.3866256 1.1051060 0.1163500 0.4648860 0.4536669 0.6782574 0.4360239 0.8695484 0.6409487 0.8961362 0.5860798 0.4821400 0.4873165 0.1866604 1.0163851 
Vallicula_sp                        0.3311807 0.3169502 0.3618350 1.1800563 0.0000000 1.3087312 0.4154976 1.6205549 1.1762169 0.3620880 0.4451583 1.0857622 0.3981224 0.3563234 1.2377437 0.4462699 1.0777277 1.1055039 1.2384219 1.2840000 1.0765204 1.2009251 1.1482908 0.4816974 1.2204039 0.4106416 1.2175038 0.4590151 1.6107322 1.2441193 1.6255364 1.1011468 1.2621723 1.2027210 0.3606883 0.4275368 0.3973392 1.2874039 1.0647073 0.3499490 1.1130929 0.4733120 0.3727829 1.0906037 1.6352549 1.7177648 1.0033073 1.1566855 0.4049360 1.7446015 0.5171576 0.3756023 1.0601279 1.1787369 0.4039620 1.2074728 1.1506114 1.1363873 0.3589310 1.4903567 0.2216705 1.0313303 0.3649905 1.0902007 1.3660605 0.9881654 1.3276989 0.9079447 0.5170952 0.2827765 1.5634741 1.1579145 0.4370991 1.0939068 1.0986740 0.3922370 
Drosophila_melanogaster             1.3016078 1.2714890 1.1163005 0.6949988 1.3087312 0.0000000 1.8841739 1.3058310 0.9125147 1.3060688 1.5613577 0.8136254 1.3621999 0.9933578 0.6803604 1.3948076 0.8533094 0.7988685 1.0091169 0.9756667 0.7422520 0.8889608 0.9211277 1.5750105 0.8954476 1.4601645 0.8886626 1.6443324 1.3671035 1.0388125 1.2758631 0.8480974 1.0476796 0.9599685 1.3023057 1.4975506 1.7507273 0.9334648 0.7267675 1.4394347 0.9518190 1.4785193 1.2687563 0.7671883 1.1286001 1.5244522 0.9606717 0.9379610 1.5286495 1.4824904 1.5471530 1.4557999 0.8339699 0.9542256 1.1242051 0.9429604 0.9374466 0.9583781 0.9341354 1.0407051 1.3522129 0.7282482 1.2170015 0.7021279 0.8103729 0.6883305 1.0224945 0.8037303 1.3487161 0.9127866 1.2835875 0.9616204 1.4826177 0.8834042 0.8257337 1.3973450 
Ocyropsis_sp_Florida_USA            0.2515306 0.2730779 0.1778238 0.7766530 0.4154976 1.8841739 0.0000000 2.0519308 1.5733002 0.3026543 0.0906377 1.0215344 0.2431011 0.4310004 1.5261483 0.1567143 1.2679034 1.3277474 1.5123656 1.6199201 1.1639473 2.0964738 1.2862675 0.2629263 1.0185256 0.2468840 1.5005241 0.2832768 1.9956521 1.3762645 1.8860077 1.2201118 1.4303040 1.4353328 0.3263589 0.1509573 0.1967397 1.8116994 1.2473604 0.2066621 1.5209714 0.3350296 0.3209320 1.2116651 1.7587509 2.0297763 1.5074931 1.4113134 0.5572929 2.5394496 0.5799964 0.2838389 1.7297432 1.2048174 0.4044484 1.5174498 1.6115222 1.3378326 0.5272089 1.4345710 0.6390250 0.9856600 0.1734600 2.2288170 2.0042202 1.2457795 1.4549129 1.0282095 0.3946730 0.2890556 1.9011505 1.3833673 0.3506007 1.3631363 1.3357816 0.4539563 
Rossella_fibulata                   1.5583720 1.2350986 1.1542141 0.9334751 1.6205549 1.3058310 2.0519308 0.0000000 1.0848833 1.4617686 1.8091518 1.0272492 1.4652314 1.2550559 1.1996348 1.7706678 1.0806815 1.1136347 1.1046227 1.0313000 1.0613853 1.0743484 1.1445891 1.8236032 0.9906159 1.6346321 1.0657410 1.6095235 1.5451972 1.2103536 0.1417206 0.9619343 1.2290826 1.0149438 1.4689990 1.6248075 2.0349730 1.0225733 1.0553599 1.7880532 1.1407078 1.4717120 1.4436102 1.1267127 1.2988629 1.6756199 1.0565759 1.1634047 1.7826707 1.6600271 1.7036615 1.6934509 1.0302975 1.2367352 1.1064730 1.0440407 1.0388349 1.0515233 0.9799442 0.5801004 1.6957939 0.9488782 1.4262168 0.9079658 0.9977861 0.7807430 1.2061405 0.7908902 1.4707925 1.0609207 0.2954994 1.1361433 1.6467450 1.0831522 1.0539745 1.5534026 
Abylopsis_tetragona                 1.2375349 1.0692732 1.1125898 0.4760589 1.1762169 0.9125147 1.5733002 1.0848833 0.0000000 0.9782361 1.2914207 0.6104071 1.1382318 0.8495094 0.7761275 1.1570121 0.5892904 0.7007204 0.8444942 0.7679674 0.7037723 0.2696895 0.3543735 1.2766344 0.6799402 1.2610265 0.2159995 1.2339836 1.1571687 0.8289482 1.0615265 0.7635276 1.0346561 0.7686055 1.0233247 1.2512564 1.3213982 0.7414117 0.6813615 1.0685533 0.1960026 1.0056428 1.1038154 0.7108322 1.0158472 1.3060032 0.8113750 0.7818751 1.2104324 1.2879028 1.4530052 1.2450015 0.3302626 0.7514198 1.0796984 0.7638493 0.7467824 0.7738233 0.8177729 0.9911286 1.0059528 0.4297119 1.0308737 0.5242248 0.3198546 0.6472817 0.8336932 0.7228943 1.1133982 0.8199272 1.0890526 0.7593057 1.1799450 0.1549331 0.5978801 1.0997497 
Pleurobrachia_pileus                0.3447288 0.2816571 0.1636460 0.9105515 0.3620880 1.3060688 0.3026543 1.4617686 0.9782361 0.0000000 0.3489633 0.9550955 0.3501246 0.3167349 1.1751841 0.3195106 1.0505345 1.0985872 1.1685398 1.2891799 1.0073337 1.1519567 1.0720912 0.3636322 1.0813651 0.3544094 1.0428804 0.3297771 1.5084864 1.2165091 1.3689086 0.9228612 0.8898108 1.0508297 0.3183788 0.3842206 0.3563984 1.1636801 0.9797450 0.3150892 1.0948129 0.3593615 0.3635501 1.0603481 1.4827162 1.5989413 1.1437396 1.1606160 0.0717258 1.6791739 0.4109406 0.2963819 0.9000979 1.2094769 0.3367388 1.1536829 1.0998143 1.1507064 0.1008755 1.2840106 0.3786624 0.7972956 0.2465920 1.0027326 0.9682030 0.8286375 1.2154396 1.0679171 0.4200840 0.0274895 1.3872571 1.1606817 0.4000502 0.9752743 1.0141532 0.1239548 
Ocyropsis_crystallina               0.1916683 0.2797131 0.1138585 1.1279513 0.4451583 1.5613577 0.0906377 1.8091518 1.2914207 0.3489633 0.0000000 1.1181850 0.2744917 0.3601061 1.3296000 0.1134408 1.2089484 1.2723999 1.3885778 1.3199065 1.1481180 1.4513815 1.2651042 0.2893097 1.3469665 0.3152533 1.2364974 0.1595874 1.6959877 1.4154598 1.7636478 1.2777013 1.4654890 1.5597063 0.2683694 0.0622528 0.1491972 1.4813165 1.1599840 0.2577439 1.3713558 0.2073222 0.2587208 1.1909916 2.0889401 1.8691368 1.2127612 1.2416779 0.5406225 2.0732406 0.5165496 0.2532323 1.0840837 1.2549276 0.1342167 1.4532544 1.4463525 1.3460002 0.3215089 1.5227461 0.4680590 0.9723038 0.2386222 1.7425864 1.1788057 1.1581408 1.3777243 1.1472830 0.1528754 0.2929552 1.6839965 1.3567395 0.3432917 1.2359137 1.2631708 0.3699505 
Eunicella_verrucosa                 0.9479057 1.0462863 0.8888080 0.3954419 1.0857622 0.8136254 1.0215344 1.0272492 0.6104071 0.9550955 1.1181850 0.0000000 0.9934838 0.8338660 0.6926715 1.1677809 0.4276818 0.5978545 0.7604825 0.6891173 0.5796391 0.5991924 0.6115216 1.1979801 0.6800497 1.1177519 0.5945936 1.1335827 1.1556933 0.7596180 0.9942964 0.6459191 0.9396226 0.7134350 1.0526112 1.1422675 1.3043146 0.6781379 0.5875983 1.0529408 0.5904312 1.2012785 1.0379908 0.6165290 1.1025281 1.2378117 0.7301377 0.6770085 1.2190417 1.2103819 1.3795218 1.2595783 0.5734169 0.5423010 0.7963080 0.6929374 0.6725863 0.6985716 0.7340257 0.9276280 1.1152150 0.5076338 1.0375268 0.3791927 0.5700454 0.5596413 0.7671081 0.6102114 1.0623274 0.6966034 1.0060272 0.6647469 1.3987801 0.5861254 0.4109834 1.0248958 
Dryodora_glandiformis               0.2530625 0.1878485 0.1550117 1.0083092 0.3981224 1.3621999 0.2431011 1.4652314 1.1382318 0.3501246 0.2744917 0.9934838 0.0000000 0.2800674 1.1769699 0.2403217 1.0728942 1.1341690 1.2001095 1.0803836 0.9708466 1.1505695 1.0278072 0.3185083 1.0266214 0.3119931 1.0840083 0.2336881 1.6358974 1.2189297 1.4292668 1.0009380 1.3017131 1.2552883 0.2526716 0.2725915 0.2635463 1.2589620 1.0111284 0.2751798 1.1759281 0.3088311 0.2332994 1.1155597 1.5924899 1.7208030 0.9128110 1.1176605 0.4946744 1.8514562 0.5684196 0.2838261 0.6866831 1.0955905 0.1793687 1.1764120 1.1775888 1.0764891 0.2662482 1.2009114 0.4052801 0.7427760 0.1896455 0.8937925 0.8084168 0.7006123 1.2359271 0.9579244 0.4759689 0.2965127 1.4483156 1.1559155 0.4031755 1.0505828 1.0735043 0.3493683 
Euplokamis_dunlapae                 0.5284588 0.3992835 0.3258543 0.8446298 0.3563234 0.9933578 0.4310004 1.2550559 0.8495094 0.3167349 0.3601061 0.8338660 0.2800674 0.0000000 0.9504647 0.4279943 0.8196163 0.8713639 0.9605617 0.9862091 0.8655516 0.8460291 0.9460946 0.4114865 1.0062404 0.4361114 0.9204207 0.4573119 1.3177189 1.0360856 1.2425037 0.8499705 1.0455712 0.9514285 0.3564025 0.3962001 0.3695390 0.9926167 0.8411849 0.2756607 0.8457707 0.4636596 0.4310819 0.8510363 1.3233340 1.4455397 0.9048327 0.9015658 0.4457870 1.4573321 0.5747245 0.3737146 0.8022969 0.8814854 0.4603207 1.0119087 0.9634850 0.9531376 0.3057652 1.1089894 0.3540661 0.8895939 0.2850117 0.7947584 0.8838178 0.7593945 1.0204790 0.7375127 0.6709556 0.3140064 1.1965628 0.9173111 0.5366885 0.9291347 0.8534389 0.3512394 
Daphnia_pulex                       1.1141503 1.1256584 0.9387348 0.5876894 1.2377437 0.6803604 1.5261483 1.1996348 0.7761275 1.1751841 1.3296000 0.6926715 1.1769699 0.9504647 0.0000000 1.3149568 0.7171409 0.6606367 0.8951037 0.8511985 0.6454774 0.7847342 0.7965318 1.3475225 0.7769390 1.3070882 0.7836950 1.1689572 1.2767765 0.9096573 1.1589489 0.7479786 0.9609546 0.8483192 1.1711410 1.3482116 1.5427527 0.8405216 0.6022580 1.2864676 0.8260248 1.2754821 1.1709340 0.6384143 1.0763824 1.4240519 0.8733805 0.8351535 1.3486036 1.3670306 1.3748092 1.3260232 0.7227839 0.8350398 0.9430032 0.8368613 0.8247971 0.8465584 0.8436173 0.9677959 1.1983874 0.6310148 1.1227900 0.6010199 0.7115565 0.6360924 0.9059846 0.7110440 1.2638762 0.8704771 1.1696480 0.8267562 1.3275794 0.7749897 0.7134614 1.2367990 
Eurhamphaea_vexilligera             0.1850774 0.2789927 0.0744634 1.1500613 0.4462699 1.3948076 0.1567143 1.7706678 1.1570121 0.3195106 0.1134408 1.1677809 0.2403217 0.4279943 1.3149568 0.0000000 1.2079646 1.1756388 1.4220535 1.2189160 1.2261915 1.2906346 1.2856229 0.2776938 1.4950388 0.2505191 1.2156005 0.1346380 1.6931221 1.3453832 1.6163036 1.2068165 1.2345087 1.7190374 0.2597125 0.1180849 0.0888968 1.3712489 1.1024278 0.2478471 1.2786556 0.1059242 0.2323010 1.2022295 1.9036785 1.7308194 1.2203594 1.2838859 0.4098514 1.7788601 0.3990626 0.2309520 0.9130795 1.3933753 0.1071264 1.4613465 1.4210688 1.3135810 0.3166666 1.6059944 0.3984297 1.4036568 0.2268023 1.6012354 1.3671046 1.2179701 1.2954089 1.0898928 0.0756136 0.2232346 1.5695187 1.2328779 0.2864890 1.1856923 1.3322940 0.3357732 
Aiptasia_pallida                    0.9411000 0.9513039 0.9004170 0.1679446 1.0777277 0.8533094 1.2679034 1.0806815 0.5892904 1.0505345 1.2089484 0.4276818 1.0728942 0.8196163 0.7171409 1.2079646 0.0000000 0.5976334 0.7910377 0.7215945 0.5843314 0.5910354 0.6034939 1.3186840 0.6372472 1.2097052 0.5853684 1.0852908 1.1597110 0.7787472 1.0626110 0.6386650 0.8961261 0.7205969 1.0410660 1.1753202 1.3772239 0.7030700 0.5831716 1.1752525 0.5961774 1.0931857 0.9957380 0.6246923 0.9797858 1.3066498 0.7499006 0.6929859 1.2177068 1.2834568 1.3948211 1.2145423 0.5724204 0.4336163 0.8109377 0.6975520 0.6914239 0.7144790 0.7783937 0.8869519 1.1150623 0.4897880 1.0480951 0.1236772 0.5672999 0.5388505 0.7709538 0.6147715 1.1783169 0.6769381 1.0705355 0.6803930 1.1557723 0.5763142 0.2423500 1.1064130 
Homo_sapiens                        0.9811560 1.0697101 0.9416268 0.5111347 1.1055039 0.7988685 1.3277474 1.1136347 0.7007204 1.0985872 1.2723999 0.5978545 1.1341690 0.8713639 0.6606367 1.1756388 0.5976334 0.0000000 0.8129940 0.7444588 0.5273426 0.7085772 0.7098000 1.2956394 0.6793528 1.2355922 0.7003605 1.1952520 1.2053389 0.8200090 1.0969304 0.6685480 0.9313554 0.7585183 1.1238754 1.2021530 1.3706257 0.7405220 0.5399038 1.1659086 0.7200318 1.2137924 1.1105671 0.5631041 1.0832532 1.3391555 0.7762373 0.7339597 1.3257150 1.3190602 1.3909009 1.2369553 0.6472529 0.7206282 0.9448888 0.7438105 0.7341429 0.7535092 0.8109553 0.9193755 1.1843374 0.5705193 1.1042841 0.5110623 0.6470637 0.5737125 0.8121921 0.6398105 1.2044391 0.8328816 1.0921824 0.7313180 1.2471090 0.6902812 0.5880479 1.1749091 
Amphimedon_queenslandica            1.1532696 1.2938437 0.8968078 0.6796997 1.2384219 1.0091169 1.5123656 1.1046227 0.8444942 1.1685398 1.3885778 0.7604825 1.2001095 0.9605617 0.8951037 1.4220535 0.7910377 0.8129940 0.0000000 0.3619291 0.7945941 0.8584396 0.8737590 1.3074924 0.7819041 1.3081845 0.8327832 1.3242474 1.2848354 0.9186602 1.0747926 0.5386569 1.0300344 0.5701980 1.2320907 1.3505771 1.6018553 0.5581323 0.7949048 1.2117340 0.9133133 1.5377163 1.3652897 0.8323778 1.1634518 1.4406456 0.7306317 0.8594062 1.4373183 1.3989058 1.6831241 1.3636266 0.8047770 0.9188100 1.3231985 0.5677414 0.5477779 0.5723637 0.9385273 0.9058028 1.3405336 0.7303012 1.1644025 0.6655457 0.7751914 0.4232258 0.9188513 0.5693393 1.3086423 0.7297883 1.0798432 0.8294680 1.1920599 0.8517924 0.7643559 1.2477824 
Petrosia_ficiformis                 1.3318877 1.1520070 0.8973468 0.5766704 1.2840000 0.9756667 1.6199201 1.0313000 0.7679674 1.2891799 1.3199065 0.6891173 1.0803836 0.9862091 0.8511985 1.2189160 0.7215945 0.7444588 0.3619291 0.0000000 0.7203752 0.7364288 0.8063327 1.3253552 0.6508187 1.3107574 0.7405678 1.2561793 1.2672195 0.8311040 1.0225019 0.4776960 0.9434257 0.4984363 1.1112152 1.2389677 1.5136815 0.4904628 0.7288207 1.1617240 0.8168507 1.2890914 1.1358669 0.7819501 1.0907209 1.3634263 0.6355094 0.8037820 1.4293475 1.3568869 1.3506258 1.2627772 0.7233639 0.8102429 1.0098444 0.4404082 0.4479557 0.4775262 1.0903361 0.8838224 1.3341290 0.6154512 1.1186381 0.5846334 0.8039402 0.3709124 0.8611531 0.5001357 1.1806045 1.2073633 1.0196950 0.7525608 1.1374837 0.8288089 0.6931289 1.3668831 
Strongylocentrotus_purpatus         0.9026064 1.0431909 0.9238140 0.4975425 1.0765204 0.7422520 1.1639473 1.0613853 0.7037723 1.0073337 1.1481180 0.5796391 0.9708466 0.8655516 0.6454774 1.2261915 0.5843314 0.5273426 0.7945941 0.7203752 0.0000000 0.6753287 0.6959488 1.1943745 0.6374358 1.1265020 0.6660400 1.0453181 1.1775828 0.7738763 1.0751448 0.6466251 0.9530797 0.7578316 1.0946743 1.0699288 1.2937123 0.7119654 0.5369499 1.0996347 0.6984895 1.0145041 0.9055927 0.5422699 1.0277423 1.3161525 0.7505724 0.7191300 1.1649089 1.2785211 1.4200379 1.2562540 0.6346716 0.6973220 0.9028904 0.7216289 0.7079455 0.7299027 0.7472849 0.9028318 1.1427140 0.5535545 1.0403174 0.4813989 0.6160549 0.5705338 0.7745199 0.6428120 1.1771049 0.6740439 1.0788706 0.6937251 1.2701321 0.6680661 0.5623503 1.0783376 
Physalia_physalia                   1.3717146 1.2643886 1.8067333 0.4726230 1.2009251 0.8889608 2.0964738 1.0743484 0.2696895 1.1519567 1.4513815 0.5991924 1.1505695 0.8460291 0.7847342 1.2906346 0.5910354 0.7085772 0.8584396 0.7364288 0.6753287 0.0000000 0.3331905 1.4591853 0.6946924 1.5335421 0.2379912 1.1267074 1.2050667 0.8317354 1.0468655 0.7069702 1.0041911 0.7730114 1.2079067 1.2610404 1.4162005 0.7508270 0.7048845 1.2657460 0.2193023 1.1432928 1.3162010 0.7274777 1.0472144 1.3213974 0.7893698 0.7801164 1.5374360 1.2814166 1.5542951 1.5353696 0.3055075 0.7472335 1.2052405 0.7453571 0.7390255 0.7448791 0.8055594 0.9654784 1.1295850 0.4338354 1.2630134 0.4958879 0.3186682 0.6370798 0.8310129 0.7106534 1.1413421 0.8182145 1.0736618 0.7764328 1.4422660 0.2411894 0.5837628 1.3107985 
Hydra_vulgaris                      1.0094664 1.0072044 1.0295290 0.5293293 1.1482908 0.9211277 1.2862675 1.1445891 0.3543735 1.0720912 1.2651042 0.6115216 1.0278072 0.9460946 0.7965318 1.2856229 0.6034939 0.7098000 0.8737590 0.8063327 0.6959488 0.3331905 0.0000000 1.3597766 0.7659980 1.2697515 0.3397170 1.0562396 1.2575951 0.8728937 1.1044577 0.7557048 1.0294949 0.8368363 1.0406239 1.1739290 1.3654287 0.7915088 0.7015418 1.2116764 0.3277773 0.9852082 1.0094058 0.7297841 1.0776613 1.3914623 0.8550700 0.8047517 1.2673023 1.3620365 1.5916393 1.2956840 0.0843143 0.7210930 1.0472600 0.8180163 0.7894469 0.8120197 0.8203301 0.9726853 1.1481705 0.4482532 1.0824788 0.5402352 0.0343736 0.6400684 0.8863015 0.7477347 1.2418005 0.7594055 1.1231679 0.7883259 1.2425870 0.3360638 0.5945358 1.1565003 
Beroe_sp_Queensland_Australia       0.1809853 0.3863965 0.2448563 0.8608199 0.4816974 1.5750105 0.2629263 1.8236032 1.2766344 0.3636322 0.2893097 1.1979801 0.3185083 0.4114865 1.3475225 0.2776938 1.3186840 1.2956394 1.3074924 1.3253552 1.1943745 1.4591853 1.3597766 0.0000000 1.2610409 0.0829366 1.2451467 0.2624048 1.6504045 1.4237731 1.7122618 1.1298957 1.1030158 1.3671457 0.3569864 0.3396489 0.2802256 1.5373943 1.1960460 0.3397685 1.2674023 0.3081272 0.3553762 1.2409345 1.6476556 1.7131866 1.0908127 1.2298010 0.5502561 1.9976914 0.5559862 0.1870067 1.0665345 1.4516680 0.2799312 1.3284906 1.3814922 1.3618943 0.3789745 1.2860282 0.5510915 1.0379631 0.2869712 1.3695066 1.2169489 0.9275453 1.4089979 1.1807121 0.3003407 0.2318971 1.6738120 1.3302739 0.1623310 1.1282510 1.2911576 0.4318793 
Corticium_candelabrum               1.0271613 1.2136547 1.1649488 0.5307873 1.2204039 0.8954476 1.0185256 0.9906159 0.6799402 1.0813651 1.3469665 0.6800497 1.0266214 1.0062404 0.7769390 1.4950388 0.6372472 0.6793528 0.7819041 0.6508187 0.6374358 0.6946924 0.7659980 1.2610409 0.0000000 1.2076679 0.6688034 1.2158850 1.1944015 0.7701285 1.0292792 0.6886386 0.8380292 0.6712885 1.1578807 1.3134836 1.1788050 0.6595760 0.6520723 1.3395161 0.7177265 1.1625214 1.2019372 0.7195973 0.9219639 1.2242780 0.7028555 0.7678403 1.3828909 1.2051350 1.5863250 1.5979368 0.6930470 0.7679220 1.2464634 0.6718777 0.6556205 0.7126521 0.9574706 0.8098001 1.2514378 0.5957808 1.4673261 0.4903642 0.6909868 0.4890221 0.7650279 0.6007929 1.1160959 0.7428644 1.0306916 0.4656083 1.0704330 0.6999630 0.6058811 1.3294016 
Beroe_forskalii                     0.1304157 0.3353591 0.2279356 0.6981979 0.4106416 1.4601645 0.2468840 1.6346321 1.2610265 0.3544094 0.3152533 1.1177519 0.3119931 0.4361114 1.3070882 0.2505191 1.2097052 1.2355922 1.3081845 1.3107574 1.1265020 1.5335421 1.2697515 0.0829366 1.2076679 0.0000000 1.3338020 0.4021037 1.5069377 1.3634811 1.7050316 1.1673886 1.4255983 1.5603483 0.3373274 0.2944273 0.2807646 1.5828672 1.1661017 0.3398595 1.3198775 0.3671898 0.3072932 1.1911208 1.4556811 1.6148238 0.9150453 1.1590626 0.5108743 1.7741713 0.5544143 0.1593963 1.0939454 1.3188281 0.3530786 1.3757364 1.3485464 1.2525058 0.3565588 1.2585942 0.4880270 1.0509362 0.2150344 1.4486296 1.1241594 0.9792962 1.3942557 1.0339641 0.2235219 0.2829064 1.5942347 1.2329648 0.1298039 1.1015122 1.2535987 0.4029853 
Nanomia_bijuga                      1.1989234 1.0237916 0.9209134 0.4795225 1.2175038 0.8886626 1.5005241 1.0657410 0.2159995 1.0428804 1.2364974 0.5945936 1.0840083 0.9204207 0.7836950 1.2156005 0.5853684 0.7003605 0.8327832 0.7405678 0.6660400 0.2379912 0.3397170 1.2451467 0.6688034 1.3338020 0.0000000 1.1537706 1.2049220 0.8371549 1.0535267 0.7156860 0.9597978 0.7331923 1.0375978 1.1239515 1.3828997 0.7633634 0.6874726 0.9955414 0.1064785 0.9027213 1.0342959 0.7106475 1.1452751 1.3152354 0.7936007 0.7808748 1.2783918 1.3153537 1.3328327 1.3853016 0.3228939 0.7353710 0.9812274 0.7498996 0.7641098 0.7645686 0.6757235 0.9716123 1.1206591 0.4126095 1.0971624 0.4813201 0.3358361 0.6408768 0.8528452 0.6677415 0.9969261 0.7843181 1.0813714 0.7689536 1.3462721 0.1690702 0.5933110 1.1279064 
Lobata_sp_Punta_Arenas_Argentina    0.3504624 0.2990279 0.1758476 0.8143584 0.4590151 1.6443324 0.2832768 1.6095235 1.2339836 0.3297771 0.1595874 1.1335827 0.2336881 0.4573119 1.1689572 0.1346380 1.0852908 1.1952520 1.3242474 1.2561793 1.0453181 1.1267074 1.0562396 0.2624048 1.2158850 0.4021037 1.1537706 0.0000000 1.3192791 1.1510851 1.6807738 1.3127709 1.2429725 1.5798362 0.3278338 0.1881580 0.1052148 1.3532951 1.0737868 0.2808319 1.1841989 0.2594131 0.2514467 1.0496089 1.5169868 1.3918030 1.2210131 1.1007442 0.7031913 1.4688874 0.5110608 0.2582599 0.6056028 1.3497316 0.3593179 1.4314298 1.4465012 1.2589969 0.5354691 1.8204058 0.5114005 0.8969212 0.2953185 0.9165222 1.3245997 1.0076984 1.2725045 1.0560548 0.1188017 0.3662126 1.6469126 1.1231645 0.0000010 1.2023342 1.1451169 0.4099653 
Acanthoeca_sp                       1.2232838 1.7943663 1.0717406 1.0169340 1.6107322 1.3671035 1.9956521 1.5451972 1.1571687 1.5084864 1.6959877 1.1556933 1.6358974 1.3177189 1.2767765 1.6931221 1.1597110 1.2053389 1.2848354 1.2672195 1.1775828 1.2050667 1.2575951 1.6504045 1.1944015 1.5069377 1.2049220 1.3192791 0.0000000 1.2957744 1.5159884 1.1333917 0.9119768 1.1732383 1.5446816 1.6067500 1.8479513 1.2128420 1.1167338 1.5782833 1.2184019 1.4886310 1.6956772 1.2135274 1.0779457 1.2469962 1.2094272 1.2591842 1.6386042 1.1924202 1.5262094 1.7738058 1.1307379 1.3975860 1.3112372 1.2417665 1.2195146 1.2507221 1.1383813 1.3512039 1.6444612 1.0861157 1.4357941 0.9682096 1.0663156 1.0049937 1.3076204 1.1291139 1.3304035 1.0326768 1.5198983 1.2154105 1.5621362 1.1508394 1.1509840 1.6146670 
Sycon_ciliatum                      1.1980575 1.1613619 1.1096654 0.7127256 1.2441193 1.0388125 1.3762645 1.2103536 0.8289482 1.2165091 1.4154598 0.7596180 1.2189297 1.0360856 0.9096573 1.3453832 0.7787472 0.8200090 0.9186602 0.8311040 0.7738763 0.8317354 0.8728937 1.4237731 0.7701285 1.3634811 0.8371549 1.1510851 1.2957744 0.0000000 1.1862691 0.7705097 0.9948141 0.8689926 1.2117394 1.3448056 1.5563660 0.8100972 0.7854226 1.4176113 0.8783447 1.2173288 1.1813937 0.8408665 1.0551636 1.4349771 0.9106526 0.8845654 1.3508259 1.3894300 1.5650827 1.4273617 0.7941742 0.9073946 0.8348671 0.8404939 0.8093997 0.8440346 0.8838438 1.0412383 1.2391752 0.6933470 1.1769192 0.6915739 0.7870051 0.6396708 0.1797137 0.7624220 1.2464331 0.8378638 1.1832808 0.8124631 1.4078006 0.8325839 0.7652334 1.2561036 
Sympagella_nux                      1.5397480 1.3643786 1.3090661 0.8715199 1.6255364 1.2758631 1.8860077 0.1417206 1.0615265 1.3689086 1.7636478 0.9942964 1.4292668 1.2425037 1.1589489 1.6163036 1.0626110 1.0969304 1.0747926 1.0225019 1.0751448 1.0468655 1.1044577 1.7122618 1.0292792 1.7050316 1.0535267 1.6807738 1.5159884 1.1862691 0.0000000 0.9291568 1.2183423 0.9895594 1.4629183 1.6282682 1.9799165 0.9872528 1.0425089 1.6100371 1.1518294 1.6381113 1.5052606 1.0923299 1.2548699 1.6537586 1.0603685 1.1337816 1.7823255 1.6669118 1.7038766 1.7924294 1.0435313 1.1974407 1.2400869 1.0372707 1.0061259 1.0256523 1.0512662 0.5814070 1.7801300 0.9358085 1.2739681 0.8797494 0.9793528 0.7481809 1.1844694 0.8244174 1.5557152 1.0277748 0.3085231 1.1154224 1.6214171 1.0783000 1.0356522 1.5088216 
Spongilla_lacustris                 1.1020992 1.0579448 0.9047470 0.5828295 1.1011468 0.8480974 1.2201118 0.9619343 0.7635276 0.9228612 1.2777013 0.6459191 1.0009380 0.8499705 0.7479786 1.2068165 0.6386650 0.6685480 0.5386569 0.4776960 0.6466251 0.7069702 0.7557048 1.1298957 0.6886386 1.1673886 0.7156860 1.3127709 1.1333917 0.7705097 0.9291568 0.0000000 0.8966257 0.5135547 0.9819180 1.3349033 1.4218686 0.4395558 0.6760273 1.1206214 0.7388788 1.2352026 1.1846674 0.6852934 0.9258061 1.2038789 0.5914142 0.7253736 1.1479708 1.2088259 1.1496407 1.5878775 0.6730744 0.7682527 0.8081093 0.4252771 0.4446120 0.4422069 0.6967506 0.8525521 1.0701023 0.5925656 0.8649441 0.5599022 0.6589584 0.3592320 0.7493085 0.4769275 0.9818606 0.6948943 0.9254758 0.6841700 1.0243692 0.6811888 0.6427018 1.0140532 
Monosiga_ovata                      1.5426248 1.2831544 0.9385596 0.5906540 1.2621723 1.0476796 1.4303040 1.2290826 1.0346561 0.8898108 1.4654890 0.9396226 1.3017131 1.0455712 0.9609546 1.2345087 0.8961261 0.9313554 1.0300344 0.9434257 0.9530797 1.0041911 1.0294949 1.1030158 0.8380292 1.4255983 0.9597978 1.2429725 0.9119768 0.9948141 1.2183423 0.8966257 0.0000000 0.9583083 1.1029390 1.6048059 1.3017459 0.9305229 0.8959117 1.0815314 0.9805741 1.1521755 1.1008572 0.9508811 0.8438459 0.9839364 0.9891779 1.0249223 1.5550535 0.9393290 1.4790979 1.1838998 1.0183196 1.0721290 0.8079528 0.9240571 0.9672024 0.9656182 0.7838203 1.1343569 1.2527878 0.8486413 1.0307524 0.7761339 0.8824291 0.8440749 0.9775134 0.9120995 0.9433173 0.8009777 1.2256278 0.9648642 1.3974233 0.9650235 0.9066566 1.0878943 
Crella_elegans                      1.2286706 1.6855140 1.1335511 0.5855673 1.2027210 0.9599685 1.4353328 1.0149438 0.7686055 1.0508297 1.5597063 0.7134350 1.2552883 0.9514285 0.8483192 1.7190374 0.7205969 0.7585183 0.5701980 0.4984363 0.7578316 0.7730114 0.8368363 1.3671457 0.6712885 1.5603483 0.7331923 1.5798362 1.1732383 0.8689926 0.9895594 0.5135547 0.9583083 0.0000000 1.2845003 1.5443366 1.7759266 0.2966505 0.7551422 1.2384366 0.8340040 1.4311367 1.9068777 0.7797457 1.0888758 1.3268430 0.6496945 0.8679157 1.0427377 1.3073650 1.6050481 1.3925172 0.7643163 0.8549094 1.3208573 0.3850306 0.1396657 0.2264935 0.7599429 0.9468499 1.4424010 0.6194863 1.2246297 0.6293084 0.7413660 0.3583575 0.8580023 0.5587414 0.8125343 0.4912079 1.0038871 0.7868908 1.3342735 0.7415819 0.6890386 1.2024970 
Cydippida_sp_Maryland_USA           0.3248568 0.1903353 0.2697982 0.9519438 0.3606883 1.3023057 0.3263589 1.4689990 1.0233247 0.3183788 0.2683694 1.0526112 0.2526716 0.3564025 1.1711410 0.2597125 1.0410660 1.1238754 1.2320907 1.1112152 1.0946743 1.2079067 1.0406239 0.3569864 1.1578807 0.3373274 1.0375978 0.3278338 1.5446816 1.2117394 1.4629183 0.9819180 1.1029390 1.2845003 0.0000000 0.2818487 0.2756691 1.1502763 1.0106252 0.1390854 1.1060498 0.3140626 0.2130750 1.0945366 1.5109865 1.6441779 1.0815359 1.1095573 0.4309576 1.7092366 0.6514086 0.2402302 0.7292332 1.2359041 0.1860422 1.2181971 1.1243720 1.2041477 0.3265125 1.3650459 0.3567071 0.9248792 0.1414500 0.9616897 0.9158355 0.7352583 1.2234471 0.9484514 0.2981513 0.3187347 1.4302274 1.1431937 0.3396558 0.9888399 1.0568709 0.3124091 
Ocyropsis_sp_Bimini_Bahamas         0.1484151 0.2485137 0.1261872 1.1225599 0.4275368 1.4975506 0.1509573 1.6248075 1.2512564 0.3842206 0.0622528 1.1422675 0.2725915 0.3962001 1.3482116 0.1180849 1.1753202 1.2021530 1.3505771 1.2389677 1.0699288 1.2610404 1.1739290 0.3396489 1.3134836 0.2944273 1.1239515 0.1881580 1.6067500 1.3448056 1.6282682 1.3349033 1.6048059 1.5443366 0.2818487 0.0000000 0.1427825 1.3836454 1.2154409 0.3320908 1.3136993 0.1762026 0.3033315 1.1662822 1.6928858 1.7731020 1.0678156 1.1694777 0.5069223 1.8214087 0.6854366 0.2568616 0.9579983 1.1482853 0.1432475 1.5319430 1.4454596 1.2468318 0.3586327 1.3690656 0.4850074 1.1918130 0.2164975 1.4726215 1.3415628 1.3490354 1.3025493 1.0025580 0.2689071 0.3079339 1.5393830 1.2224356 0.3119913 1.1420882 1.3164174 0.3761827 
Mnemiopsis_leidyi                   0.1945809 0.2328930 0.0947322 1.2274125 0.3973392 1.7507273 0.1967397 2.0349730 1.3213982 0.3563984 0.1491972 1.3043146 0.2635463 0.3695390 1.5427527 0.0888968 1.3772239 1.3706257 1.6018553 1.5136815 1.2937123 1.4162005 1.3654287 0.2802256 1.1788050 0.2807646 1.3828997 0.1052148 1.8479513 1.5563660 1.9799165 1.4218686 1.3017459 1.7759266 0.2756691 0.1427825 0.0000000 1.7496378 1.2953752 0.3066599 1.4618527 0.1381896 0.2445143 1.3315109 1.8026437 2.0739259 1.4891824 1.3991479 0.3684712 2.1107913 0.5600792 0.2199366 1.0422144 1.4247624 0.1562952 1.6518851 1.6441276 1.6073534 0.3266674 1.5981911 0.3800526 1.0347469 0.2509975 1.4696205 1.2007306 1.1900578 1.5093506 1.2197261 0.1018883 0.2682820 1.9274932 1.4453918 0.3408346 1.3992490 1.3706905 0.3728049 
Mycale_phylophylla                  1.2542764 1.0921912 1.0631558 0.5955329 1.2874039 0.9334648 1.8116994 1.0225733 0.7414117 1.1636801 1.4813165 0.6781379 1.2589620 0.9926167 0.8405216 1.3712489 0.7030700 0.7405220 0.5581323 0.4904628 0.7119654 0.7508270 0.7915088 1.5373943 0.6595760 1.5828672 0.7633634 1.3532951 1.2128420 0.8100972 0.9872528 0.4395558 0.9305229 0.2966505 1.1502763 1.3836454 1.7496378 0.0000000 0.7176319 1.3070112 0.7955550 1.1692710 1.3329181 0.7635199 0.9717081 1.3219023 0.6435353 0.7901280 1.3987363 1.2929325 1.4427872 1.4164654 0.7438129 0.7645972 1.0195419 0.3622060 0.2528084 0.2592567 0.8203787 0.8402841 1.3227687 0.6603551 1.1241352 0.6158530 0.7654844 0.2855192 0.8276178 0.4944441 1.2381915 0.7734541 0.9878092 0.7418310 1.4645518 0.7678705 0.6803230 1.2413921 
Hemithris_psittacea                 1.1214631 1.0074881 1.0377551 0.5086367 1.0647073 0.7267675 1.2473604 1.0553599 0.6813615 0.9797450 1.1599840 0.5875983 1.0111284 0.8411849 0.6022580 1.1024278 0.5831716 0.5399038 0.7949048 0.7288207 0.5369499 0.7048845 0.7015418 1.1960460 0.6520723 1.1661017 0.6874726 1.0737868 1.1167338 0.7854226 1.0425089 0.6760273 0.8959117 0.7551422 1.0106252 1.2154409 1.2953752 0.7176319 0.0000000 1.0472857 0.7067186 1.1072374 1.1375962 0.4592367 1.0813242 1.2386965 0.7427120 0.7146115 1.1989175 1.2045782 1.3470286 1.2327045 0.6559804 0.7163198 0.9388649 0.7294667 0.7258075 0.7119525 0.7706689 0.9604350 1.0101479 0.5825431 0.8654632 0.5230743 0.6455614 0.5838781 0.7816152 0.6251759 1.0646384 0.7761398 1.0313697 0.6952960 1.2541080 0.6566417 0.5718857 1.0665192 
Callianira_Antarctica               0.5421601 0.2075172 0.1255392 1.0408428 0.3499490 1.4394347 0.2066621 1.7880532 1.0685533 0.3150892 0.2577439 1.0529408 0.2751798 0.2756607 1.2864676 0.2478471 1.1752525 1.1659086 1.2117340 1.1617240 1.0996347 1.2657460 1.2116764 0.3397685 1.3395161 0.3398595 0.9955414 0.2808319 1.5782833 1.4176113 1.6100371 1.1206214 1.0815314 1.2384366 0.1390854 0.3320908 0.3066599 1.3070112 1.0472857 0.0000000 1.3128387 0.3950787 0.3102106 1.1172028 1.8120530 1.8052513 1.1694388 1.1723141 0.5520244 1.9064866 0.4060736 0.2366250 0.7577324 1.3784638 0.2751097 1.3240002 1.3028981 1.2389886 0.2868346 1.5615384 0.4488397 0.9885321 0.1374513 1.2160042 1.2198881 0.9545846 1.3976476 0.8806844 0.3109100 0.2356028 1.5044070 1.2222185 0.3679291 1.0535519 1.2108885 0.3178899 
Agalma_elegans                      1.0401022 1.0509227 1.0389055 0.4862430 1.1130929 0.9518190 1.5209714 1.1407078 0.1960026 1.0948129 1.3713558 0.5904312 1.1759281 0.8457707 0.8260248 1.2786556 0.5961774 0.7200318 0.9133133 0.8168507 0.6984895 0.2193023 0.3277773 1.2674023 0.7177265 1.3198775 0.1064785 1.1841989 1.2184019 0.8783447 1.1518294 0.7388788 0.9805741 0.8340040 1.1060498 1.3136993 1.4618527 0.7955550 0.7067186 1.3128387 0.0000000 1.2271477 1.2346394 0.7296343 1.1264015 1.3819961 0.8796909 0.8093279 1.3108142 1.3780434 1.5495371 1.2166297 0.3084423 0.7458939 1.1073007 0.8092157 0.8075191 0.8137174 0.8909184 0.9551017 1.1430519 0.4253926 1.0620866 0.5086457 0.2998439 0.6135549 0.8734994 0.7352629 1.2763028 0.7590446 1.1429378 0.7995142 1.1290578 0.1531927 0.6075752 1.2215524 
Cestum_veneris                      0.3899728 0.3162175 0.1114073 1.0623283 0.4733120 1.4785193 0.3350296 1.4717120 1.0056428 0.3593615 0.2073222 1.2012785 0.3088311 0.4636596 1.2754821 0.1059242 1.0931857 1.2137924 1.5377163 1.2890914 1.0145041 1.1432928 0.9852082 0.3081272 1.1625214 0.3671898 0.9027213 0.2594131 1.4886310 1.2173288 1.6381113 1.2352026 1.1521755 1.4311367 0.3140626 0.1762026 0.1381896 1.1692710 1.1072374 0.3950787 1.2271477 0.0000000 0.3084727 1.1377971 1.3584299 1.6004404 1.2434646 1.1685044 0.5937159 1.5491846 0.4956941 0.2912998 0.6628583 1.5462422 0.0804675 1.4040242 1.3998897 1.2188461 0.3989802 1.4274755 0.4030459 1.0922834 0.3805200 1.1522952 1.0208592 0.8539778 1.1954116 1.0099311 0.2437622 0.4255813 1.5623520 1.2358567 0.1260246 1.1983665 1.0863394 0.4004317 
Cydippida_sp                        0.2325983 0.0313638 0.2916322 0.8136676 0.3727829 1.2687563 0.3209320 1.4436102 1.1038154 0.3635501 0.2587208 1.0379908 0.2332994 0.4310819 1.1709340 0.2323010 0.9957380 1.1105671 1.3652897 1.1358669 0.9055927 1.3162010 1.0094058 0.3553762 1.2019372 0.3072932 1.0342959 0.2514467 1.6956772 1.1813937 1.5052606 1.1846674 1.1008572 1.9068777 0.2130750 0.3033315 0.2445143 1.3329181 1.1375962 0.3102106 1.2346394 0.3084727 0.0000000 1.0794718 1.2769912 1.7071442 0.8580905 0.9932411 0.4247468 1.9125407 1.0353907 0.2583449 0.6579171 1.2077346 0.2383311 1.5157421 1.4041226 1.1323060 0.3255010 1.1714982 0.2851671 0.9382025 0.0504440 1.2657037 1.3256995 1.1366724 1.1598531 0.9928166 0.2634237 0.3398135 1.3743807 1.1041842 0.4567450 1.0380296 1.0859026 0.3417143 
Capitella_teleta                    0.9690124 1.0562023 0.8835688 0.5528726 1.0906037 0.7671883 1.2116651 1.1267127 0.7108322 1.0603481 1.1909916 0.6165290 1.1155597 0.8510363 0.6384143 1.2022295 0.6246923 0.5631041 0.8323778 0.7819501 0.5422699 0.7274777 0.7297841 1.2409345 0.7195973 1.1911208 0.7106475 1.0496089 1.2135274 0.8408665 1.0923299 0.6852934 0.9508811 0.7797457 1.0945366 1.1662822 1.3315109 0.7635199 0.4592367 1.1172028 0.7296343 1.1377971 1.0794718 0.0000000 1.0975054 1.3402553 0.7992827 0.7572214 1.2001508 1.3099805 1.4616577 1.2460320 0.6852836 0.7449906 0.8674778 0.7830693 0.7591955 0.7783657 0.8098144 0.9320369 1.1206742 0.5721494 1.0940469 0.5539919 0.6539204 0.6187606 0.8307088 0.6676104 1.1381643 0.7253512 1.1052880 0.7419632 1.2298957 0.7010628 0.6042267 1.1368847 
Salpingoeca_pyxidium                1.2275779 1.6721982 1.3427954 0.7150786 1.6352549 1.1286001 1.7587509 1.2988629 1.0158472 1.4827162 2.0889401 1.1025281 1.5924899 1.3233340 1.0763824 1.9036785 0.9797858 1.0832532 1.1634518 1.0907209 1.0277423 1.0472144 1.0776613 1.6476556 0.9219639 1.4556811 1.1452751 1.5169868 1.0779457 1.0551636 1.2548699 0.9258061 0.8438459 1.0888758 1.5109865 1.6928858 1.8026437 0.9717081 1.0813242 1.8120530 1.1264015 1.3584299 1.2769912 1.0975054 0.0000000 1.1351945 1.1439486 1.1559622 1.5368614 0.9532074 2.0860073 2.0298971 0.9852485 1.1717570 1.6136188 1.1832371 0.9716779 1.0110113 0.9104956 1.0869064 1.5273996 0.8669280 1.8548411 0.7931715 0.8585566 0.8957485 0.9826917 1.0625812 1.0427160 0.8702881 1.3027783 1.1033738 1.8361142 1.1301914 1.0316721 1.5961295 
Salpingoeca_rosetta                 1.3721474 1.6907857 1.0989246 1.0882027 1.7177648 1.5244522 2.0297763 1.6756199 1.3060032 1.5989413 1.8691368 1.2378117 1.7208030 1.4455397 1.4240519 1.7308194 1.3066498 1.3391555 1.4406456 1.3634263 1.3161525 1.3213974 1.3914623 1.7131866 1.2242780 1.6148238 1.3152354 1.3918030 1.2469962 1.4349771 1.6537586 1.2038789 0.9839364 1.3268430 1.6441779 1.7731020 2.0739259 1.3219023 1.2386965 1.8052513 1.3819961 1.6004404 1.7071442 1.3402553 1.1351945 0.0000000 1.2988210 1.3706955 1.8603310 1.0037616 1.8359815 1.8140902 1.2151611 1.4353823 1.2320102 1.3783944 1.3723708 1.3744530 1.0952566 1.3786597 1.9298917 1.1635443 1.5006689 1.0403775 1.1760533 1.1098852 1.4614243 1.1462791 1.2868521 1.1052784 1.6509301 1.3512594 1.7505140 1.2963196 1.2906795 1.7673023 
Chondrilla_nucula                   0.8324820 0.9400496 0.2241265 0.6301063 1.0033073 0.9606717 1.5074931 1.0565759 0.8113750 1.1437396 1.2127612 0.7301377 0.9128110 0.9048327 0.8733805 1.2203594 0.7499006 0.7762373 0.7306317 0.6355094 0.7505724 0.7893698 0.8550700 1.0908127 0.7028555 0.9150453 0.7936007 1.2210131 1.2094272 0.9106526 1.0603685 0.5914142 0.9891779 0.6496945 1.0815359 1.0678156 1.4891824 0.6435353 0.7427120 1.1694388 0.8796909 1.2434646 0.8580905 0.7992827 1.1439486 1.2988210 0.0000000 0.8435564 1.7351260 1.3020333 1.1570950 1.4388679 0.7182701 0.8754018 0.6489920 0.6199000 0.6326067 0.6254487 0.7685606 0.9528843 1.1949966 0.6712326 0.8645932 0.6280184 0.7218979 0.5244674 0.9057982 0.5148941 1.1324552 0.7041896 1.0442080 0.7977075 0.9513917 0.8052830 0.7530026 1.2569078 
Trichoplax_adhaerens                0.9100086 1.0609478 0.8740740 0.6448809 1.1566855 0.9379610 1.4113134 1.1634047 0.7818751 1.1606160 1.2416779 0.6770085 1.1176605 0.9015658 0.8351535 1.2838859 0.6929859 0.7339597 0.8594062 0.8037820 0.7191300 0.7801164 0.8047517 1.2298010 0.7678403 1.1590626 0.7808748 1.1007442 1.2591842 0.8845654 1.1337816 0.7253736 1.0249223 0.8679157 1.1095573 1.1694777 1.3991479 0.7901280 0.7146115 1.1723141 0.8093279 1.1685044 0.9932411 0.7572214 1.1559622 1.3706955 0.8435564 0.0000000 1.3175517 1.3280150 1.4008951 1.2933212 0.7275974 0.7868358 0.8012117 0.8295640 0.8085423 0.8242483 0.8441410 0.9833828 1.1557169 0.6545537 1.0952694 0.5905271 0.7065780 0.6463557 0.8735726 0.7055806 1.1791535 0.8796509 1.1333085 0.8014178 1.2128893 0.7812370 0.6783760 1.2183717 
Pleurobrachia_bachei                0.4148881 0.6085968 0.2061424 1.0000230 0.4049360 1.5286495 0.5572929 1.7826707 1.2104324 0.0717258 0.5406225 1.2190417 0.4946744 0.4457870 1.3486036 0.4098514 1.2177068 1.3257150 1.4373183 1.4293475 1.1649089 1.5374360 1.2673023 0.5502561 1.3828909 0.5108743 1.2783918 0.7031913 1.6386042 1.3508259 1.7823255 1.1479708 1.5550535 1.0427377 0.4309576 0.5069223 0.3684712 1.3987363 1.1989175 0.5520244 1.3108142 0.5937159 0.4247468 1.2001508 1.5368614 1.8603310 1.7351260 1.3175517 0.0000000 1.9467696 1.1482677 0.4390858 1.3201122 1.3874346 0.4826504 1.3797054 1.2937078 1.3873964 0.3346045 1.5829013 0.5660612 0.7664058 0.3368969 1.1938204 0.9695354 1.9982759 1.3691475 1.5384006 0.5800702 0.0683707 1.7386713 1.3810038 0.4202940 1.1447618 1.2161705 0.2523110 
Monosiga_brevicolis                 1.5255098 1.8585481 1.3276615 1.0488389 1.7446015 1.4824904 2.5394496 1.6600271 1.2879028 1.6791739 2.0732406 1.2103819 1.8514562 1.4573321 1.3670306 1.7788601 1.2834568 1.3190602 1.3989058 1.3568869 1.2785211 1.2814166 1.3620365 1.9976914 1.2051350 1.7741713 1.3153537 1.4688874 1.1924202 1.3894300 1.6669118 1.2088259 0.9393290 1.3073650 1.7092366 1.8214087 2.1107913 1.2929325 1.2045782 1.9064866 1.3780434 1.5491846 1.9125407 1.3099805 0.9532074 1.0037616 1.3020333 1.3280150 1.9467696 0.0000000 2.1072843 1.9160877 1.2003231 1.4427707 1.4067929 1.3478985 1.3420432 1.3531986 1.2516179 1.3213228 1.8785434 1.0492846 1.4221575 1.0212626 1.1588852 1.0408655 1.4247453 1.1427999 1.4159324 1.2757976 1.6492665 1.3328247 2.1655137 1.2689041 1.2538553 1.8676673 
