76
Abylopsis_tetragona                 0.0000000 1.1925227 0.5753937 0.1439174 0.4917206 0.8360718 0.9979549 0.9773580 1.0452982 0.8019346 0.9651856 1.0339711 1.0493120 0.8691616 0.4372212 0.7845589 0.6561930 0.8049178 0.9314358 0.7783661 0.8902503 0.7332544 0.1018860 0.7818838 1.1993470 0.9523870 0.9248539 0.7237593 0.8707110 0.9619205 0.5231505 0.8917993 0.9054917 0.6203451 0.6155927 0.4751841 0.9200542 0.6776341 0.9323974 0.2941814 0.3111701 0.2854775 0.7621673 0.7146319 0.7414397 1.1070904 1.1899539 1.0405523 0.9525545 1.1096573 1.4073628 0.9543076 0.7302388 0.1612149 0.5036716 1.0767182 1.0331979 1.4628430 0.6862460 0.3707319 0.8528539 0.1913884 0.9010112 0.8363134 0.6313926 0.7711060 0.9937015 0.9293040 1.4274563 0.7112946 0.6497296 0.7692387 0.7910014 0.9693432 0.7202404 0.9882887 
Acanthoeca_sp                       1.1925227 0.0000000 1.5442633 1.3458800 1.3041833 1.5088598 1.6754274 1.6056472 1.5161535 1.8847169 1.2414641 1.8259916 2.2749187 1.4080253 1.4345475 2.0374203 1.4006419 1.5669749 1.6494207 1.6250737 1.6949834 1.5560585 1.2792401 1.4713590 1.3241781 1.5792980 1.6710440 1.4751196 1.6240519 1.5790335 1.3355032 1.8719110 1.7477237 1.3730375 1.3675585 1.2685702 1.6064506 1.2352089 1.6553180 1.3449533 1.5161513 1.3827402 1.5491292 1.4299584 1.5268680 1.4010511 1.6731762 1.5742270 1.7077392 1.8483634 1.4060163 0.9269727 1.4523490 1.4688318 1.3148607 1.8130464 1.5948482 2.2148982 1.3948189 1.6362232 1.7098475 1.5639965 1.4908770 1.5977486 1.0680082 1.5487491 1.7245407 0.9782785 1.4388585 1.4259414 1.3835189 1.4648886 1.5444191 1.6765173 1.4642403 1.6839872 
Acropora_digitifera                 0.5753937 1.5442633 0.0000000 0.6666137 0.3265005 0.8830211 1.0539353 1.1994309 1.3034362 1.5577373 0.8567458 1.5171718 1.7740936 0.8710148 0.3099045 1.1752866 0.6443623 1.1617624 1.1217739 0.8899376 1.0052783 0.8185204 0.6290470 1.0660929 1.2495898 1.0381129 1.0976770 0.7802551 0.8627449 0.9153879 0.4294078 1.0636783 1.2865877 0.6290473 0.6347733 0.4709335 1.1487807 1.0810544 1.0676160 0.8123802 0.6134206 0.6152006 0.9206667 0.7474144 0.8310634 0.8180303 0.9356861 1.1121515 1.0693056 1.3308290 1.5159284 0.7776052 0.7674865 0.6791240 0.3113914 1.1620267 1.1790546 1.2761581 0.7630882 0.5703383 0.8796553 0.6987130 1.0543474 1.1700503 0.6700431 0.6936143 1.2179856 0.9459753 1.5340263 0.7009017 0.6166890 0.8360112 0.8666517 1.0682027 0.7118371 0.9755468 
Agalma_elegans                      0.1439174 1.3458800 0.6666137 0.0000000 0.5870814 0.9788165 1.1844501 1.0439477 1.1750051 1.2361207 0.8259813 1.3205800 2.0667250 0.9803841 0.5374886 1.4221642 0.7418822 1.1719489 1.0760011 0.9785335 1.0987785 0.8523153 0.1262683 0.9231698 0.9742708 1.0453242 1.1131549 0.8633297 1.0231500 1.1252205 0.5727664 1.1049074 1.2975132 0.7444179 0.7324388 0.5789211 1.1227010 0.8237207 0.9550772 0.3486401 0.3482747 0.3069932 0.8202227 0.8823685 0.9011406 1.0614867 1.3217909 1.0984863 0.9787959 1.4096599 1.5797685 0.9049548 0.8956365 0.0866278 0.6060393 1.3137467 1.2845775 1.5232347 0.8270656 0.4523105 0.9765571 0.2008805 1.0970857 1.0693471 0.5835280 0.7176778 1.2031931 1.0551636 1.5750646 0.8029458 0.7159231 0.9089609 0.9239198 1.2044742 0.8713005 1.0429281 
Aiptasia_pallida                    0.4917206 1.3041833 0.3265005 0.5870814 0.0000000 0.8345675 1.0740794 1.0074274 1.1133678 1.3277163 0.7723290 1.3590160 1.6887170 0.7179514 0.1254935 1.1771728 0.6254023 1.0260392 0.9376978 0.8444107 1.0484672 0.7601890 0.5455094 0.8371370 1.0243408 0.9075824 1.0345967 0.7331945 0.8837227 0.9504017 0.4025021 1.0679643 1.1542451 0.5934837 0.5866650 0.1060643 1.0230442 0.7454646 0.8719832 0.6401950 0.6125103 0.5511631 0.6853427 0.7503083 0.7857566 0.9185026 1.2907485 1.0399007 0.9054406 1.2765258 1.4686099 0.8958037 0.7805522 0.5648318 0.2067053 1.0944143 1.0817321 1.2417528 0.6957318 0.5347931 0.8314695 0.5973583 0.9943703 1.0046073 0.5759636 0.6571599 1.1186718 0.9229890 1.5268990 0.6729165 0.5678128 0.7725950 0.7976897 1.0796887 0.7194299 1.0247266 
Amphimedon_queenslandica            0.8360718 1.5088598 0.8830211 0.9788165 0.8345675 0.0000000 1.1202942 1.2178352 1.3273146 1.4898280 1.0562895 1.4816665 2.2327241 1.8579159 0.8355795 1.5209591 0.8999751 1.5726858 0.9027594 0.6346181 1.3186584 0.9388497 0.8838896 0.5899109 1.1284494 1.2447006 1.2783053 0.9667475 1.1012797 1.1995497 0.8006183 1.2792627 1.5380771 0.8619658 0.8588427 0.8587903 1.2228882 0.9782054 0.8995596 0.9504873 0.9919899 0.8925105 0.6531283 0.5918059 0.6111512 1.2658884 1.7275989 1.2518078 1.1277684 1.5794465 1.6708554 1.0885059 0.6100523 0.9238137 0.8063032 1.4256214 1.3747403 1.5313831 0.8799070 0.8954994 0.3724073 0.9665498 1.1673565 1.2025703 0.6371996 0.5119266 1.2010012 1.0451769 1.7044957 0.5721663 0.8481857 0.9698865 1.0178936 1.1195894 0.9309568 1.2325951 
Aphrocallistes_vastus               0.9979549 1.6754274 1.0539353 1.1844501 1.0740794 1.1202942 0.0000000 1.4200423 1.4141782 1.4104681 1.1527798 1.7111076 2.6273628 1.0693467 1.1968377 1.6661517 1.1521396 1.4275045 1.2547616 1.1852323 1.5570513 1.1788832 1.0947279 1.0986110 1.2402410 1.1657447 1.4029621 1.2083991 1.3239333 1.2618175 0.9807182 1.5904013 1.5193556 1.0420217 1.1154079 1.1165001 1.3711808 0.9895291 0.5151741 1.1788321 1.3066780 1.0915584 0.9051669 1.0501534 1.0784841 1.3782961 1.8253987 1.3806776 1.1919038 1.8011953 1.8464280 1.2395362 1.0811856 1.1041037 1.0693755 1.5391669 1.3707814 1.7028574 1.1417030 1.1193304 1.1461334 1.2030426 1.4224199 1.3122490 0.8240762 0.8810273 0.2724023 1.2216455 1.8589066 0.9532597 1.1047035 1.1760931 1.2263069 0.2965304 1.1899618 1.3948957 
Beroe_abyssicola                    0.9773580 1.6056472 1.1994309 1.0439477 1.0074274 1.2178352 1.4200423 0.0000000 0.1154063 0.1074794 0.1051880 0.1476681 0.3727627 0.2207765 1.1465644 0.1944949 1.1190410 0.1929970 1.2424932 1.3348136 0.2897180 1.2416895 0.9771027 1.3945028 0.2885979 0.2271811 0.1984367 1.1391578 1.2650561 0.1785153 1.0926482 0.3610562 0.2024657 1.0610499 1.0573918 1.2105569 0.2742988 0.3555201 1.7852814 1.2752349 1.2059681 1.0742832 1.1728216 1.0767858 1.3259817 0.2034082 0.2697626 0.1847457 0.2339622 0.1498217 1.7248972 1.1000255 1.1509647 1.0659759 0.9627571 0.2092527 0.1904011 0.2614561 1.1049997 1.0125297 1.2649992 1.2899177 0.2745253 0.2619199 0.2658008 1.1493779 1.3843665 1.4841908 1.6672731 1.2860450 1.1210729 1.2272577 1.2601626 1.4372313 1.0878116 0.3029320 
Beroe_forskalii                     1.0452982 1.5161535 1.3034362 1.1750051 1.1133678 1.3273146 1.4141782 0.1154063 0.0000000 0.0863807 0.1044703 0.0555757 0.0857015 0.2629794 0.8051335 0.3835374 1.2102324 0.2491349 0.9676143 1.5457959 0.3529474 1.3682900 0.9379538 2.0133283 0.3261130 0.2808266 0.2739856 1.2282343 1.3086349 0.2407372 1.0752704 0.4670297 0.2106719 1.2080575 1.1659303 1.6998659 0.3515211 0.3729717 1.3512801 1.1670288 1.0384826 1.0350933 1.0870425 1.3691227 1.2444774 0.3810166 0.3270024 0.1920697 0.2743492 0.2299320 1.7036522 1.4336186 1.5734828 1.2603460 1.0897022 0.2884364 0.2735383 0.1217258 1.1624306 1.1474000 1.2612900 1.4882409 0.3543463 0.3122385 0.2463004 0.9522580 1.4703320 1.1921851 1.7203259 1.0413674 1.1200430 1.2212584 1.3657189 1.5807329 1.0147071 0.3399041 
Beroe_ovata                         0.8019346 1.8847169 1.5577373 1.2361207 1.3277163 1.4898280 1.4104681 0.1074794 0.0863807 0.0000000 0.0455191 0.1310670 0.0000010 0.0000010 0.5947237 0.3573158 1.3919863 0.0000010 1.3075298 1.9917032 0.3594155 1.3522343 1.0886954 2.0398575 0.0000010 0.7075860 0.2588188 1.4933046 1.5490102 0.3168684 1.3663510 0.5041191 0.1868813 1.4226666 1.2872902 1.6676429 0.3745655 0.4022116 1.9866698 1.3679505 0.8984218 1.1062153 1.4959196 1.2621179 1.4590653 0.0000010 0.5446490 0.0352671 0.2770003 0.2471713 2.4831500 1.6868915 1.7924840 1.8029045 1.5153841 0.8329855 0.2666610 0.8354882 1.3731142 1.1920358 1.6189070 1.3478853 0.3520033 0.3226917 0.3185246 1.1226057 1.4953807 0.5976674 2.6342836 0.7298176 1.2876704 1.4601790 1.6472676 1.6819380 1.3915076 0.2390456 
Beroe_sp_Antarctica                 0.9651856 1.2414641 0.8567458 0.8259813 0.7723290 1.0562895 1.1527798 0.1051880 0.1044703 0.0455191 0.0000000 0.1270094 0.1665428 0.1585927 1.0125804 1.6413764 0.8849684 0.1768895 0.8073650 1.2674928 0.2646547 0.9697558 0.8133841 1.2066947 0.2499617 0.1973642 0.2056287 0.9549506 1.0420855 0.1708876 0.8782150 0.5750463 0.2056029 0.9917537 0.8074824 0.8756959 0.2395815 0.2570336 1.1669412 0.8140102 0.6314794 0.7466409 1.0114947 0.9555860 0.9056731 0.3894444 0.5530618 0.1956314 0.2081115 0.1265895 1.2790805 1.3623752 0.9610027 0.8779034 0.7684255 0.1623480 0.1368927 0.2401882 0.8574887 0.7108354 1.0167514 0.9562932 0.2433370 0.2027650 0.2727660 0.6880127 1.1739348 1.2045590 1.3684769 0.9687663 0.8623903 1.0222639 1.0235517 1.2092267 0.7813597 0.2557603 
Beroe_sp_Queensland_Australia       1.0339711 1.8259916 1.5171718 1.3205800 1.3590160 1.4816665 1.7111076 0.1476681 0.0555757 0.1310670 0.1270094 0.0000000 0.6490303 0.2519193 0.8407838 0.3541795 1.3203792 0.1970574 1.4087329 1.7223096 0.4624957 1.5821016 1.1533778 1.6677126 0.2898698 0.3267478 0.3317374 1.3979617 1.5745301 0.2541013 1.3022982 0.4553963 0.2512355 1.3011331 1.2911092 1.6664136 0.4272990 0.4447808 1.7862673 1.2134239 1.0828330 1.2309677 1.3236781 1.5293735 1.4878414 0.2133939 0.4434519 0.3265920 0.3077463 0.2221632 1.9564989 1.3751320 1.6175974 1.2560662 1.2483238 0.2549810 0.2892213 0.1246214 1.3520353 1.2629945 1.5746983 1.5144914 0.4277946 0.3617370 0.1941564 1.2547161 1.8194078 1.3972201 1.9142126 1.2179250 1.2551347 1.4059259 1.3518096 1.7109905 1.2733003 0.4784640 
Bolinopsis_ashleyi                  1.0493120 2.2749187 1.7740936 2.0667250 1.6887170 2.2327241 2.6273628 0.3727627 0.0857015 0.0000010 0.1665428 0.6490303 0.0000000 0.0550631 1.0782128 0.3321741 1.7084734 0.1007198 2.0338495 1.7997524 0.2980147 1.2557191 1.7752990 1.1576996 1.3345189 0.3036708 0.3216259 2.0844407 2.1725008 0.2087413 1.3460274 0.6678028 0.0731202 1.4023438 1.7993427 1.6045989 0.5363330 0.2700248 1.7630061 1.4095919 1.0419498 1.6420743 1.0285536 1.9363496 1.9206972 0.0000010 0.0838954 0.1259749 0.3789619 0.0407298 2.2464741 0.9242161 1.9150738 1.1104188 1.6736132 0.0729783 0.4751377 0.1475838 1.8282416 1.4281215 1.8748548 1.6212518 0.6092203 0.4409857 1.3699182 0.6697809 2.2731491 1.0315082 2.0214893 1.7374912 1.7454063 1.8467611 1.8579295 2.6510322 1.7580170 0.5705859 
Bolinopsis_infundibulum             0.8691616 1.4080253 0.8710148 0.9803841 0.7179514 1.8579159 1.0693467 0.2207765 0.2629794 0.0000010 0.1585927 0.2519193 0.0550631 0.0000000 0.0000010 0.0000010 0.7703224 0.0765376 0.4916376 1.3710932 0.1569799 1.4483364 0.9887720 3.1100541 0.3333982 0.1370900 0.1329966 0.8148389 0.8672561 0.1068854 0.7145315 0.9253615 0.0722555 0.6949593 0.7490347 0.0000010 0.2053125 0.1828029 1.6833965 1.6243004 0.5483182 0.7782859 1.0415903 1.0579697 0.7651041 0.2447075 0.1047651 0.3192981 0.1570773 0.0988958 1.2805678 0.7834766 0.8566389 0.6879789 0.8830508 0.1067260 0.0873953 0.0000010 0.7714329 0.6702438 1.0206703 0.6369001 0.6151505 0.2340813 0.0000010 0.6347512 0.7574153 1.0952835 1.3423607 0.5736045 0.7445239 0.7778437 0.7784245 0.9963861 0.6829919 0.3948760 
Bolocera_tuediae                    0.4372212 1.4345475 0.3099045 0.5374886 0.1254935 0.8355795 1.1968377 1.1465644 0.8051335 0.5947237 1.0125804 0.8407838 1.0782128 0.0000010 0.0000000 0.8171820 0.6279037 1.1177728 0.8895794 0.7169948 1.2445126 0.7237430 0.5578027 0.7763420 0.8377527 0.7975726 1.0490226 0.7010784 0.8746432 1.0084737 0.4407303 1.0513251 1.0541239 0.5695177 0.5871841 0.1131188 0.8624827 0.4611855 0.9368384 0.6114244 0.7069362 0.5787461 0.6291972 0.8005601 0.7981302 0.5840297 0.8126878 1.0602730 0.7841685 1.2669477 1.5234334 0.7237278 0.7902220 0.5758091 0.1892558 0.8696061 0.9520163 0.6636097 0.7392097 0.4516092 0.8164981 0.4997841 0.7272654 0.9064247 0.4969434 0.6583881 1.2252906 0.8418243 1.5095145 0.7135538 0.5528609 0.8576707 0.8809491 1.1066528 0.8154038 1.2292691 
Callianira_Antarctica               0.7845589 2.0374203 1.1752866 1.4221642 1.1771728 1.5209591 1.6661517 0.1944949 0.3835374 0.3573158 1.6413764 0.3541795 0.3321741 0.0000010 0.8171820 0.0000000 1.2722099 0.2545425 1.8529688 1.6303735 0.2769097 1.2295752 1.0508269 1.9939384 0.0461658 0.2304558 0.1183101 1.3863121 1.5543349 0.1925528 1.1981326 0.3317759 0.2437470 1.2553451 1.2924269 1.4489309 0.3100564 0.2954515 1.3952290 1.8970183 1.1082340 1.2180477 1.3120037 1.5416951 1.5903394 0.1262922 0.3608330 0.1092501 0.0827611 0.2737156 2.6108241 1.2042941 1.5186750 1.0104441 1.1574137 0.2233514 0.3486958 0.1450410 1.3771976 1.1368371 1.3094603 1.2768789 0.4697882 0.3464929 0.2364096 1.3265993 1.8992375 1.7730870 2.4649196 1.1702941 1.1450392 1.4776176 1.5247780 1.6988011 1.3191452 0.2248730 
Capitella_teleta                    0.6561930 1.4006419 0.6443623 0.7418822 0.6254023 0.8999751 1.1521396 1.1190410 1.2102324 1.3919863 0.8849684 1.3203792 1.7084734 0.7703224 0.6279037 1.2722099 0.0000000 1.0647613 1.0129686 0.9288084 1.1012918 0.8427293 0.6865093 0.9157643 1.0719773 0.9701342 1.1091330 0.6559024 0.8143269 1.0382976 0.6239273 1.1109018 1.2300474 0.4512556 0.5590345 0.6656378 1.0916881 0.8088440 0.9073702 0.7587056 0.8053482 0.7100519 0.7718022 0.8179522 0.8700056 1.0333951 1.5057460 1.1603498 0.9881089 1.3076562 1.5638819 0.9859966 0.8452420 0.7380295 0.5996431 1.1700189 1.1589724 1.2791415 0.7813309 0.6342942 0.9083072 0.8026359 1.0489634 1.0580968 0.6575168 0.7622658 1.2124913 0.9858660 1.5949094 0.7350921 0.5400526 0.8631856 0.9011899 1.1389612 0.8072678 1.0733123 
Cestum_veneris                      0.8049178 1.5669749 1.1617624 1.1719489 1.0260392 1.5726858 1.4275045 0.1929970 0.2491349 0.0000010 0.1768895 0.1970574 0.1007198 0.0765376 1.1177728 0.2545425 1.0647613 0.0000000 1.2800563 1.5438566 0.2785793 1.2304851 1.0535567 1.8434519 0.1119225 0.2030324 0.2143552 1.2456408 1.4839938 0.1179522 1.0366740 0.5587646 0.0891788 0.9974783 1.0964691 1.5186822 0.3063298 0.2644408 1.6992112 1.2431074 0.6318453 0.9553210 0.8780819 1.4589883 1.2698024 0.1534230 0.2785277 0.3202749 0.2041599 0.1060057 1.6197770 1.0728171 1.1963453 0.6874049 1.0137841 0.1301464 0.1300432 0.1090780 1.1472113 1.1353168 1.2052302 1.0095838 0.5339317 0.2917065 0.0000010 0.8062706 1.4820138 1.1277266 1.6281606 1.3238955 0.9448337 1.1432573 1.0705333 1.5696073 1.0582438 0.3912139 
Chondrilla_nucula                   0.9314358 1.6494207 1.1217739 1.0760011 0.9376978 0.9027594 1.2547616 1.2424932 0.9676143 1.3075298 0.8073650 1.4087329 2.0338495 0.4916376 0.8895794 1.8529688 1.0129686 1.2800563 0.0000000 0.7975670 1.3486836 0.7406270 0.9984749 0.8578673 0.0000010 0.7958860 1.3572150 1.1265726 1.2902229 0.9502105 0.8729618 1.8755358 1.4322127 0.9426016 1.0054066 0.9091673 1.3757759 0.9382155 1.2773659 0.9192632 0.8654932 1.0151631 0.6651880 0.8172829 0.7812522 1.3591588 1.1414269 1.0042736 0.8247895 1.6561997 1.9485262 1.1319528 0.7904265 0.9944887 0.9673048 1.4318804 1.1313820 1.5387893 0.9946552 0.9612712 0.8326494 1.0095844 1.5291327 1.6138674 1.7756134 0.6429808 1.2849267 1.4929420 1.8235717 0.7983661 0.9234386 1.1333947 1.1227077 1.3359229 1.0950818 1.1530553 
Cliona_varians                      0.7783661 1.6250737 0.8899376 0.9785335 0.8444107 0.6346181 1.1852323 1.3348136 1.5457959 1.9917032 1.2674928 1.7223096 1.7997524 1.3710932 0.7169948 1.6303735 0.9288084 1.5438566 0.7975670 0.0000000 1.3079056 0.7958240 0.8442921 0.4011070 1.7731236 1.3627833 1.3524997 1.0254389 1.1957783 1.3115123 0.8042316 1.4187216 1.6901605 0.8888550 0.8958804 0.8001839 1.3008001 0.8301266 1.0862830 0.9813769 1.0186900 0.9233940 0.5785991 0.3665510 0.3801633 1.5220461 1.5997719 1.5723529 1.2081649 1.6886312 1.8657352 0.9496198 0.3905698 0.8469788 0.8250765 1.6034813 1.6623048 1.4841990 0.8997539 0.7648578 0.4838468 0.8728692 1.1865666 1.2151550 0.4129849 0.3442331 1.2481113 1.1926387 1.8459828 0.5019995 0.8581808 0.9861005 0.9774427 1.2554776 1.0282547 1.1915203 
Coeloplana_astericola               0.8902503 1.6949834 1.0052783 1.0987785 1.0484672 1.3186584 1.5570513 0.2897180 0.3529474 0.3594155 0.2646547 0.4624957 0.2980147 0.1569799 1.2445126 0.2769097 1.1012918 0.2785793 1.3486836 1.3079056 0.0000000 1.2575423 1.1564221 1.5368636 0.4409468 0.2260825 0.2773508 1.1804885 1.3323451 0.2590713 1.0868177 0.3637445 0.2897255 1.0360145 1.0979274 1.0646292 0.3608907 0.3411856 1.5090504 1.5112014 0.9998175 1.0639226 1.3351495 1.3284147 1.3212268 0.3660705 0.3840735 0.3181532 0.2777860 0.3160459 1.9198868 1.3878085 1.3396808 1.0498440 1.0109748 0.3558765 0.3717534 0.3709854 1.1498084 1.1754194 1.4559218 1.0906550 0.3955800 0.3342119 0.2487174 1.2661123 1.6508438 1.6783152 1.9940204 1.0873111 1.0877051 1.1816350 1.2198752 1.7035445 1.0997332 0.1849527 
Corticium_candelabrum               0.7332544 1.5560585 0.8185204 0.8523153 0.7601890 0.9388497 1.1788832 1.2416895 1.3682900 1.3522343 0.9697558 1.5821016 1.2557191 1.4483364 0.7237430 1.2295752 0.8427293 1.2304851 0.7406270 0.7958240 1.2575423 0.0000000 0.8483688 0.7783892 1.9774864 1.1966003 1.2348841 0.9359124 1.0832635 1.1169367 0.8166935 1.7281378 1.7407524 0.8124496 0.7767942 0.6609191 1.2214333 0.9335424 0.9145419 1.1572873 1.2181208 0.9044621 0.6477421 0.7602818 0.9073473 1.1128194 1.7606267 1.4133226 1.1415147 1.1870913 1.4623562 0.7046991 0.8198189 0.7729478 0.7005563 1.3237749 1.3921722 0.8573586 0.5051810 0.7366480 0.7825397 0.8109109 0.8834444 1.1260517 0.4907056 0.7487816 1.1172376 1.0643268 1.5755414 0.8836714 0.7405110 0.8337864 0.8637015 1.2333801 0.9453012 1.2885539 
Craseo_lathetica                    0.1018860 1.2792401 0.6290470 0.1262683 0.5455094 0.8838896 1.0947279 0.9771027 0.9379538 1.0886954 0.8133841 1.1533778 1.7752990 0.9887720 0.5578027 1.0508269 0.6865093 1.0535567 0.9984749 0.8442921 1.1564221 0.8483688 0.0000000 0.7605282 0.8609824 0.8381602 0.9623391 0.7861444 0.9226816 0.9788481 0.5363938 1.0171134 1.0970658 0.6409252 0.6687431 0.5214835 1.0232313 0.6040092 0.9285232 0.3241362 0.3480545 0.3020000 0.7822387 0.8171860 0.8333275 1.1315062 0.8757920 0.9568522 0.9693181 1.3696190 1.4451870 0.7647586 0.8333894 0.1512742 0.5533519 1.1309588 0.9721783 1.3074217 0.7633939 0.4293185 1.0327194 0.2009552 0.9246034 0.9004276 0.5064036 0.6975199 1.1079979 1.0221241 1.4118145 0.7079302 0.6851738 0.8560205 0.8569430 1.0990430 0.7988605 1.0313070 
Crella_elegans                      0.7818838 1.4713590 1.0660929 0.9231698 0.8371370 0.5899109 1.0986110 1.3945028 2.0133283 2.0398575 1.2066947 1.6677126 1.1576996 3.1100541 0.7763420 1.9939384 0.9157643 1.8434519 0.8578673 0.4011070 1.5368636 0.7783892 0.7605282 0.0000000 1.5392006 1.9015398 1.5526309 1.0115080 1.1636038 1.6807267 0.8436673 1.3351094 1.9758020 0.9386292 0.8909148 0.8384972 1.2488933 0.9894871 1.1991332 0.8509350 1.0903210 0.8945851 0.6043389 0.0931228 0.2222470 1.4968588 2.1691926 1.7459471 1.6364321 1.7923355 1.7730174 1.0027341 0.2642757 0.8314513 0.8043349 1.7582392 1.6497227 1.5280466 0.9165504 0.6659361 0.4980834 0.8555743 0.9476498 1.1327029 0.3772412 0.3538536 1.1151291 1.1869770 1.7393235 0.5930354 0.9287460 1.0227889 0.9876547 1.0623215 1.0443356 1.3311173 
Ctenophora_sp_Florida_USA           1.1993470 1.3241781 1.2495898 0.9742708 1.0243408 1.1284494 1.2402410 0.2885979 0.3261130 0.0000010 0.2499617 0.2898698 1.3345189 0.3333982 0.8377527 0.0461658 1.0719773 0.1119225 0.0000010 1.7731236 0.4409468 1.9774864 0.8609824 1.5392006 0.0000000 0.3941016 0.3075663 0.9899876 1.0846063 0.1073961 1.0013515 0.4737283 0.0875092 1.3073259 1.0011991 1.1747288 0.3331187 0.4743106 1.1860817 1.1613927 0.0000010 0.9766250 0.9069855 1.0178622 1.1448953 0.1199841 0.1160954 0.2763540 0.3452720 0.0922722 1.2894416 0.0000010 0.9802396 0.9913668 1.0246247 0.1402515 0.1425977 0.1853602 1.0313264 0.0000010 0.0000010 0.0000010 0.1618135 0.1672074 0.1875128 0.8430668 0.9466063 1.4642813 1.3001264 1.3477828 1.4156141 1.1498062 1.1457487 1.2445706 1.0439407 0.4686301 
Cydippida_sp                        0.9523870 1.5792980 1.0381129 1.0453242 0.9075824 1.2447006 1.1657447 0.2271811 0.2808266 0.7075860 0.1973642 0.3267478 0.3036708 0.1370900 0.7975726 0.2304558 0.9701342 0.2030324 0.7958860 1.3627833 0.2260825 1.1966003 0.8381602 1.9015398 0.3941016 0.0000000 0.1769484 1.0359511 1.1096304 0.1815571 0.9289741 0.3582167 0.1808177 0.9962588 0.9820496 1.4399195 0.2993641 0.2906166 1.0623429 1.2298840 0.5560557 0.8938152 0.9578045 1.2556517 1.0825968 0.2600754 0.2841646 0.0419909 0.0092185 0.1524864 1.6737827 0.9385212 1.1657385 0.8660439 0.9607205 0.1994064 0.2236084 0.1679919 0.9650289 0.9885457 0.9858704 0.9683734 0.4062205 0.3015062 0.2768093 0.6876186 1.2370144 1.3209576 1.5908015 1.0799079 0.8774093 1.0689102 1.0312761 1.3333729 0.8512080 0.2937158 
Cydippida_sp_Maryland_USA           0.9248539 1.6710440 1.0976770 1.1131549 1.0345967 1.2783053 1.4029621 0.1984367 0.2739856 0.2588188 0.2056287 0.3317374 0.3216259 0.1329966 1.0490226 0.1183101 1.1091330 0.2143552 1.3572150 1.3524997 0.2773508 1.2348841 0.9623391 1.5526309 0.3075663 0.1769484 0.0000000 1.1784826 1.3196974 0.1870635 1.0352173 0.3976646 0.2184364 1.0532821 1.0976493 1.1616840 0.2920058 0.3489533 1.4026926 1.3077687 0.8002072 0.9843134 1.1442348 1.1979629 1.3047326 0.2159461 0.3242430 0.1190038 0.1331798 0.2095145 1.8071355 1.3082520 1.2506972 0.9529987 1.0094364 0.2229158 0.2397290 0.1908793 1.1311376 1.1302418 1.2683371 1.2936459 0.3593062 0.3001082 0.3761677 1.1283956 1.4545133 1.5084784 1.8130239 1.0368099 1.0689312 1.2046709 1.2469352 1.4433144 1.1012291 0.3146329 
Daphnia_pulex                       0.7237593 1.4751196 0.7802551 0.8633297 0.7331945 0.9667475 1.2083991 1.1391578 1.2282343 1.4933046 0.9549506 1.3979617 2.0844407 0.8148389 0.7010784 1.3863121 0.6559024 1.2456408 1.1265726 1.0254389 1.1804885 0.9359124 0.7861444 1.0115080 0.9899876 1.0359511 1.1784826 0.0000000 0.7009536 1.0796868 0.7117762 1.1764184 1.2616761 0.6200607 0.6681093 0.7877319 1.1527106 0.8325539 0.9641235 0.8630652 0.8567565 0.7764701 0.8540954 0.9078111 0.9572300 1.1624045 1.3127182 1.1892747 1.0477225 1.4304824 1.5888630 1.0537781 0.9537507 0.7863944 0.7209203 1.2427321 1.2757751 1.4288554 0.8752434 0.7742059 1.0159866 0.8539439 1.1470651 1.1328362 0.7270924 0.8071497 1.2767407 1.0476558 1.6572258 0.8519470 0.6551661 0.9376323 0.9768784 1.1990353 0.8748092 1.1362613 
Drosophila_melanogaster             0.8707110 1.6240519 0.8627449 1.0231500 0.8837227 1.1012797 1.3239333 1.2650561 1.3086349 1.5490102 1.0420855 1.5745301 2.1725008 0.8672561 0.8746432 1.5543349 0.8143269 1.4839938 1.2902229 1.1957783 1.3323451 1.0832635 0.9226816 1.1636038 1.0846063 1.1096304 1.3196974 0.7009536 0.0000000 1.2346582 0.8558486 1.2627664 1.3403177 0.7624178 0.8182220 0.9568817 1.2684030 0.8544815 1.0573616 0.9721404 1.0036736 0.9074608 0.9633238 1.0557374 1.0931938 1.7654703 1.4436563 1.2799682 1.1680795 1.6832283 1.7536006 1.1991658 1.0753954 0.9082175 0.8489653 1.4303761 1.4112250 1.6768233 1.0225118 0.8784078 1.1905056 0.9757337 1.2337573 1.2564858 0.7182028 0.8792023 1.4104083 1.0860119 1.8315521 0.9603005 0.7628981 1.0897985 1.1288252 1.3247662 1.0119910 1.2073511 
Dryodora_glandiformis               0.9619205 1.5790335 0.9153879 1.1252205 0.9504017 1.1995497 1.2618175 0.1785153 0.2407372 0.3168684 0.1708876 0.2541013 0.2087413 0.1068854 1.0084737 0.1925528 1.0382976 0.1179522 0.9502105 1.3115123 0.2590713 1.1169367 0.9788481 1.6807267 0.1073961 0.1815571 0.1870635 1.0796868 1.2346582 0.0000000 0.9253685 0.2138655 0.1332694 0.9564959 1.0237312 1.1366433 0.2729982 0.2143512 0.9926379 1.0009166 0.8498596 0.9130153 1.0027041 1.1971034 1.0929893 0.1551062 0.3040495 0.1624558 0.1524549 0.1894466 1.6510168 1.3408189 1.2650199 1.0170752 0.9331613 0.1920349 0.1995539 0.1545108 1.0390949 0.7804545 1.0177996 1.0703937 0.3874632 0.2897169 0.2288994 0.8922880 1.3059264 1.5586689 1.6686507 0.8919337 0.8861763 1.0427459 1.1539394 1.2486369 0.9655219 0.2643540 
Eunicella_verrucosa                 0.5231505 1.3355032 0.4294078 0.5727664 0.4025021 0.8006183 0.9807182 1.0926482 1.0752704 1.3663510 0.8782150 1.3022982 1.3460274 0.7145315 0.4407303 1.1981326 0.6239273 1.0366740 0.8729618 0.8042316 1.0868177 0.8166935 0.5363938 0.8436673 1.0013515 0.9289741 1.0352173 0.7117762 0.8558486 0.9253685 0.0000000 1.0628215 1.1359726 0.5983101 0.5835169 0.4409313 0.9825281 0.7607287 0.8738511 0.6335161 0.6394865 0.5765308 0.7145965 0.7196324 0.7679490 1.0501165 1.3551586 1.1070993 0.9521223 1.2896778 1.3774274 0.9206665 0.7229365 0.5965256 0.3807629 1.0890242 1.0451865 0.9389527 0.6878541 0.5729280 0.7938253 0.6112477 0.9637388 0.9796226 0.6230395 0.6811133 1.0444778 0.9402147 1.4012618 0.6961226 0.5747479 0.7793653 0.8058666 0.9716102 0.6891198 1.0361723 
Euplokamis_dunlapae                 0.8917993 1.8719110 1.0636783 1.1049074 1.0679643 1.2792627 1.5904013 0.3610562 0.4670297 0.5041191 0.5750463 0.4553963 0.6678028 0.9253615 1.0513251 0.3317759 1.1109018 0.5587646 1.8755358 1.4187216 0.3637445 1.7281378 1.0171134 1.3351094 0.4737283 0.3582167 0.3976646 1.1764184 1.2627664 0.2138655 1.0628215 0.0000000 0.4736773 1.0413085 1.1033560 1.3204454 0.3833275 0.4795527 1.4632434 1.4773410 1.3732937 1.1531802 1.3262976 1.2965371 1.3615804 0.4494021 0.3503589 0.3637867 0.3822183 0.4078078 2.1063855 1.4584263 1.2828147 1.2457580 1.0322078 0.3199425 0.3642846 0.2967870 1.1748962 1.3842160 1.5959336 1.0781206 0.3062160 0.3669371 0.3413621 1.3237085 1.8116700 1.4159190 2.1837908 1.1980016 1.2135924 1.3173268 1.3603695 1.5959915 1.1664756 0.3799646 
Eurhamphaea_vexilligera             0.9054917 1.7477237 1.2865877 1.2975132 1.1542451 1.5380771 1.5193556 0.2024657 0.2106719 0.1868813 0.2056029 0.2512355 0.0731202 0.0722555 1.0541239 0.2437470 1.2300474 0.0891788 1.4322127 1.6901605 0.2897255 1.7407524 1.0970658 1.9758020 0.0875092 0.1808177 0.2184364 1.2616761 1.3403177 0.1332694 1.1359726 0.4736773 0.0000000 1.1675304 1.1544722 1.4269653 0.3412237 0.3524401 1.6981416 1.4087655 0.7539861 1.1632055 1.3994214 1.6161755 1.3472445 0.1337268 0.2801508 0.2045296 0.2370887 0.0641507 1.8457571 0.9891496 1.5018383 1.0835828 1.1195185 0.0908678 0.1021796 0.1048337 1.2267846 1.5283015 1.3716652 1.2681293 0.3845746 0.2854806 0.1308742 1.5272039 1.6588721 1.4903657 1.8200317 1.2073858 1.2239768 1.3057771 1.2145264 1.5443510 1.2361277 0.4060294 
Hemithris_psittacea                 0.6203451 1.3730375 0.6290473 0.7444179 0.5934837 0.8619658 1.0420217 1.0610499 1.2080575 1.4226666 0.9917537 1.3011331 1.4023438 0.6949593 0.5695177 1.2553451 0.4512556 0.9974783 0.9426016 0.8888550 1.0360145 0.8124496 0.6409252 0.9386292 1.3073259 0.9962588 1.0532821 0.6200607 0.7624178 0.9564959 0.5983101 1.0413085 1.1675304 0.0000000 0.5395827 0.6879919 0.9978755 0.7682435 1.0141729 0.7766045 0.7678298 0.6903116 0.7815131 0.7859928 0.7775224 1.0571039 1.2227178 0.8787783 0.9387149 1.3761253 1.4550976 0.9406510 0.7933031 0.7223456 0.5850473 1.1087878 1.2706288 1.2599796 0.7433465 0.6714663 0.8962947 0.7907346 0.9435168 0.9553211 0.5801996 0.8075912 1.1076645 0.9409157 1.4564821 0.7479381 0.5351846 0.8298534 0.8513912 1.0792864 0.7594439 1.0304433 
Homo_sapiens                        0.6155927 1.3675585 0.6347733 0.7324388 0.5866650 0.8588427 1.1154079 1.0573918 1.1659303 1.2872902 0.8074824 1.2911092 1.7993427 0.7490347 0.5871841 1.2924269 0.5590345 1.0964691 1.0054066 0.8958804 1.0979274 0.7767942 0.6687431 0.8909148 1.0011991 0.9820496 1.0976493 0.6681093 0.8182220 1.0237312 0.5835169 1.1033560 1.1544722 0.5395827 0.0000000 0.6168694 1.0740875 0.7609143 0.8942794 0.7531642 0.7509055 0.6691739 0.7303153 0.8072063 0.8426466 1.0965934 1.2544203 1.1685921 0.9713658 1.3340711 1.5262186 0.9277360 0.8354402 0.7009653 0.5727855 1.1852922 1.1326073 1.2403302 0.7554674 0.6544901 0.8523069 0.7490573 1.0665518 1.0513041 0.6474372 0.6940376 1.1774933 0.9456275 1.5499897 0.7258429 0.5083154 0.8356134 0.8602391 1.1178700 0.7543544 1.0049128 
Hormathia_digitata                  0.4751841 1.2685702 0.4709335 0.5789211 0.1060643 0.8587903 1.1165001 1.2105569 1.6998659 1.6676429 0.8756959 1.6664136 1.6045989 0.0000010 0.1131188 1.4489309 0.6656378 1.5186822 0.9091673 0.8001839 1.0646292 0.6609191 0.5214835 0.8384972 1.1747288 1.4399195 1.1616840 0.7877319 0.9568817 1.1366433 0.4409313 1.3204454 1.4269653 0.6879919 0.6168694 0.0000000 1.1374673 0.3918383 0.8961614 0.5627959 0.6301385 0.5979151 0.7230669 0.7841146 0.7631406 0.7470439 1.4441990 1.0296672 1.1286081 1.4996717 1.4226415 0.7902795 0.7584915 0.5814741 0.2315656 1.7816613 1.2953030 2.1966696 0.7280924 0.5226568 0.8500253 0.5567311 0.8105104 1.1357295 0.4371270 0.6628220 1.1368005 0.7587762 1.4039839 0.7211211 0.5390904 0.8748488 0.9155587 1.1137395 0.8067478 1.1633628 
Hormiphora_californica              0.9200542 1.6064506 1.1487807 1.1227010 1.0230442 1.2228882 1.3711808 0.2742988 0.3515211 0.3745655 0.2395815 0.4272990 0.5363330 0.2053125 0.8624827 0.3100564 1.0916881 0.3063298 1.3757759 1.3008001 0.3608907 1.2214333 1.0232313 1.2488933 0.3331187 0.2993641 0.2920058 1.1527106 1.2684030 0.2729982 0.9825281 0.3833275 0.3412237 0.9978755 1.0740875 1.1374673 0.0000000 0.0586084 1.2160225 1.1298291 1.0038461 1.0417245 1.1577668 1.1319286 1.1901205 0.3336332 0.4940065 0.2762377 0.2792294 0.3203239 1.7744630 1.0699893 1.2070142 1.0090920 0.9656948 0.3337450 0.3456513 0.4386722 1.1067754 0.8838680 1.3592068 1.1893950 0.1863146 0.1168343 0.0680396 1.0732401 1.4228357 1.2054996 1.8095928 0.9152240 0.9884696 1.1403944 1.1501515 1.3533246 1.1507290 0.3631876 
Hormiphora_palmata                  0.6776341 1.2352089 1.0810544 0.8237207 0.7454646 0.9782054 0.9895291 0.3555201 0.3729717 0.4022116 0.2570336 0.4447808 0.2700248 0.1828029 0.4611855 0.2954515 0.8088440 0.2644408 0.9382155 0.8301266 0.3411856 0.9335424 0.6040092 0.9894871 0.4743106 0.2906166 0.3489533 0.8325539 0.8544815 0.2143512 0.7607287 0.4795527 0.3524401 0.7682435 0.7609143 0.3918383 0.0586084 0.0000000 0.9307720 0.6561083 0.5681671 0.7941712 1.0541588 0.6480147 0.7866822 0.3869675 0.3078870 0.3380046 0.2969156 0.2849065 1.2428993 0.8180890 0.8044314 0.6720632 0.7564859 0.2838086 0.3019293 0.3934877 0.8250374 0.6504192 1.1131169 0.7605028 0.2055209 0.1015122 0.0541411 1.0483101 0.9048824 0.8146770 1.2114268 0.6311497 0.7855233 0.8250985 0.8515423 0.9771430 0.8993785 0.3861073 
Hyalonema_populiferum               0.9323974 1.6553180 1.0676160 0.9550772 0.8719832 0.8995596 0.5151741 1.7852814 1.3512801 1.9866698 1.1669412 1.7862673 1.7630061 1.6833965 0.9368384 1.3952290 0.9073702 1.6992112 1.2773659 1.0862830 1.5090504 0.9145419 0.9285232 1.1991332 1.1860817 1.0623429 1.4026926 0.9641235 1.0573616 0.9926379 0.8738511 1.4632434 1.6981416 1.0141729 0.8942794 0.8961614 1.2160225 0.9307720 0.0000000 0.9719078 1.0491066 0.9266528 1.0215059 0.8282558 0.9409981 1.5992845 1.5967092 1.0389360 1.2704939 1.6745771 1.5872723 1.0553377 0.8372675 1.0586602 0.8763029 1.3105913 1.1502438 1.4178661 0.9582988 0.8930813 0.9542246 1.0270207 0.7921637 1.2605077 0.5782272 0.8704839 0.5315905 1.0691199 1.5411161 0.8624640 0.9391361 1.0183187 1.1330634 0.5044999 1.0197494 1.3144180 
Hydra_oligactis                     0.2941814 1.3449533 0.8123802 0.3486401 0.6401950 0.9504873 1.1788321 1.2752349 1.1670288 1.3679505 0.8140102 1.2134239 1.4095919 1.6243004 0.6114244 1.8970183 0.7587056 1.2431074 0.9192632 0.9813769 1.5112014 1.1572873 0.3241362 0.8509350 1.1613927 1.2298840 1.3077687 0.8630652 0.9721404 1.0009166 0.6335161 1.4773410 1.4087655 0.7766045 0.7531642 0.5627959 1.1298291 0.6561083 0.9719078 0.0000000 0.0684619 0.0335230 1.1141662 0.8837181 0.9106295 1.1393302 0.6702639 1.1540335 1.2768942 1.3334830 1.4711584 0.7143026 0.9707616 0.4007377 0.6382505 1.0330813 1.3883748 2.5173328 0.8596120 0.5941301 1.2187130 0.3369014 0.7667534 1.0299115 0.4108424 0.7500541 1.1975371 0.5427320 1.4200424 0.7562793 0.6688253 0.9600810 0.9772011 1.2067612 0.8616872 1.5021876 
Hydra_viridissima                   0.3111701 1.5161513 0.6134206 0.3482747 0.6125103 0.9919899 1.3066780 1.2059681 1.0384826 0.8984218 0.6314794 1.0828330 1.0419498 0.5483182 0.7069362 1.1082340 0.8053482 0.6318453 0.8654932 1.0186900 0.9998175 1.2181208 0.3480545 1.0903210 0.0000010 0.5560557 0.8002072 0.8567565 1.0036736 0.8498596 0.6394865 1.3732937 0.7539861 0.7678298 0.7509055 0.6301385 1.0038461 0.5681671 1.0491066 0.0684619 0.0000000 0.0733704 0.8908022 0.9645868 0.8756354 0.5313998 1.4384779 0.7806601 0.6767088 0.9843991 1.7455651 1.0962432 0.9209847 0.3864181 0.6402035 0.9213762 0.8248930 2.1463246 0.8678264 0.7076868 1.0219005 0.3304728 1.1680296 1.1075812 0.8484874 0.8216839 1.2685854 1.3933742 1.6366863 0.8216293 0.6884458 0.9333793 0.9877596 1.2983604 0.8109143 1.2495061 
Hydra_vulgaris                      0.2854775 1.3827402 0.6152006 0.3069932 0.5511631 0.8925105 1.0915584 1.0742832 1.0350933 1.1062153 0.7466409 1.2309677 1.6420743 0.7782859 0.5787461 1.2180477 0.7100519 0.9553210 1.0151631 0.9233940 1.0639226 0.9044621 0.3020000 0.8945851 0.9766250 0.8938152 0.9843134 0.7764701 0.9074608 0.9130153 0.5765308 1.1531802 1.1632055 0.6903116 0.6691739 0.5979151 1.0417245 0.7941712 0.9266528 0.0335230 0.0733704 0.0000000 0.8353570 0.8102246 0.8445095 0.9142459 1.4180519 1.0978711 0.9261849 1.2011377 1.5162868 0.9719143 0.8306713 0.3146252 0.5496100 1.0719429 0.9956956 1.1325031 0.7758322 0.4707762 0.9206892 0.3148383 0.9859998 0.9952753 0.6326610 0.7750146 1.1538692 0.9557003 1.5570277 0.7658904 0.6706057 0.8605170 0.8940489 1.0893938 0.7991461 1.0382500 
Ircinia_fasciculata                 0.7621673 1.5491292 0.9206667 0.8202227 0.6853427 0.6531283 0.9051669 1.1728216 1.0870425 1.4959196 1.0114947 1.3236781 1.0285536 1.0415903 0.6291972 1.3120037 0.7718022 0.8780819 0.6651880 0.5785991 1.3351495 0.6477421 0.7822387 0.6043389 0.9069855 0.9578045 1.1442348 0.8540954 0.9633238 1.0027041 0.7145965 1.3262976 1.3994214 0.7815131 0.7303153 0.7230669 1.1577668 1.0541588 1.0215059 1.1141662 0.8908022 0.8353570 0.0000000 0.5137848 0.5898919 0.9217804 0.7853803 0.9021698 1.0601749 1.3835480 1.4597929 0.9438608 0.6258056 0.8272048 0.6963985 1.2435373 1.1844884 0.9913551 0.7079733 0.7307114 0.5584790 0.8062808 1.2775702 1.2634270 1.4185180 0.4775606 0.8381821 1.2413442 1.4863306 0.5118113 0.7409202 0.8604631 0.8546701 0.9301817 0.8322521 1.0910036 
Kirkpatrickia_variolosa             0.7146319 1.4299584 0.7474144 0.8823685 0.7503083 0.5918059 1.0501534 1.0767858 1.3691227 1.2621179 0.9555860 1.5293735 1.9363496 1.0579697 0.8005601 1.5416951 0.8179522 1.4589883 0.8172829 0.3665510 1.3284147 0.7602818 0.8171860 0.0931228 1.0178622 1.2556517 1.1979629 0.9078111 1.0557374 1.1971034 0.7196324 1.2965371 1.6161755 0.7859928 0.8072063 0.7841146 1.1319286 0.6480147 0.8282558 0.8837181 0.9645868 0.8102246 0.5137848 0.0000000 0.1576907 1.3041425 1.5571074 1.1545095 0.9959069 1.5603629 1.6744825 1.0601073 0.2533399 0.8213355 0.7255521 1.4310171 1.4539693 1.5162416 0.8128053 0.7607472 0.4708750 0.8036056 1.1180300 1.0971999 0.5828349 0.2899562 1.1499084 1.0085576 1.6473548 0.4797602 0.7787173 0.8674079 0.9148834 1.0795208 0.9092131 1.1063573 
Latrunculia_apicalis                0.7414397 1.5268680 0.8310634 0.9011406 0.7857566 0.6111512 1.0784841 1.3259817 1.2444774 1.4590653 0.9056731 1.4878414 1.9206972 0.7651041 0.7981302 1.5903394 0.8700056 1.2698024 0.7812522 0.3801633 1.3212268 0.9073473 0.8333275 0.2222470 1.1448953 1.0825968 1.3047326 0.9572300 1.0931938 1.0929893 0.7679490 1.3615804 1.3472445 0.7775224 0.8426466 0.7631406 1.1901205 0.7866822 0.9409981 0.9106295 0.8756354 0.8445095 0.5898919 0.1576907 0.0000000 1.1080438 1.6891966 1.2256750 1.0330087 1.5616825 1.7084623 0.9025078 0.2661948 0.8623426 0.7678647 1.3263916 1.2378628 1.2342160 0.8416183 0.7796773 0.5222605 0.8204776 1.2125952 1.2075273 0.5713095 0.2685114 1.1455307 0.9244626 1.6779059 0.4535269 0.8041830 0.9308768 0.9463739 1.1075293 0.9355457 1.1464511 
Lobata_sp_Punta_Arenas_Argentina    1.1070904 1.4010511 0.8180303 1.0614867 0.9185026 1.2658884 1.3782961 0.2034082 0.3810166 0.0000010 0.3894444 0.2133939 0.0000010 0.2447075 0.5840297 0.1262922 1.0333951 0.1534230 1.3591588 1.5220461 0.3660705 1.1128194 1.1315062 1.4968588 0.1199841 0.2600754 0.2159461 1.1624045 1.7654703 0.1551062 1.0501165 0.4494021 0.1337268 1.0571039 1.0965934 0.7470439 0.3336332 0.3869675 1.5992845 1.1393302 0.5313998 0.9142459 0.9217804 1.3041425 1.1080438 0.0000000 0.1662364 0.2250081 0.1942439 0.0662554 1.5088127 1.1424720 1.2074122 1.0135818 0.9302156 0.1037538 0.1069857 0.1696293 1.0467227 0.6006559 1.2130711 0.7003446 0.2176876 0.2743195 0.0000010 0.9237128 1.4333018 1.2503795 1.5056225 1.4313587 0.7868581 1.1002305 1.1816199 1.3770442 1.0291830 0.3904132 
Lobatolampea_tetragona              1.1899539 1.6731762 0.9356861 1.3217909 1.2907485 1.7275989 1.8253987 0.2697626 0.3270024 0.5446490 0.5530618 0.4434519 0.0838954 0.1047651 0.8126878 0.3608330 1.5057460 0.2785277 1.1414269 1.5997719 0.3840735 1.7606267 0.8757920 2.1691926 0.1160954 0.2841646 0.3242430 1.3127182 1.4436563 0.3040495 1.3551586 0.3503589 0.2801508 1.2227178 1.2544203 1.4441990 0.4940065 0.3078870 1.5967092 0.6702639 1.4384779 1.4180519 0.7853803 1.5571074 1.6891966 0.1662364 0.0000000 0.3820062 0.3467215 0.4134175 1.9406268 1.1997309 1.2603499 0.8733129 0.9887020 0.3671388 0.4697671 0.1179248 1.4989006 0.9256228 1.3473609 1.3151932 0.4793936 0.4118722 0.0000010 0.9396257 1.8399247 1.6613567 2.3546682 0.3656602 1.2582131 1.5595251 1.8736053 1.7758378 1.4686449 0.3930669 
Mertensiidae_sp_Antarctica          1.0405523 1.5742270 1.1121515 1.0984863 1.0399007 1.2518078 1.3806776 0.1847457 0.1920697 0.0352671 0.1956314 0.3265920 0.1259749 0.3192981 1.0602730 0.1092501 1.1603498 0.3202749 1.0042736 1.5723529 0.3181532 1.4133226 0.9568522 1.7459471 0.2763540 0.0419909 0.1190038 1.1892747 1.2799682 0.1624558 1.1070993 0.3637867 0.2045296 0.8787783 1.1685921 1.0296672 0.2762377 0.3380046 1.0389360 1.1540335 0.7806601 1.0978711 0.9021698 1.1545095 1.2256750 0.2250081 0.3820062 0.0000000 0.0358397 0.1980300 1.5237415 1.0699108 1.2434538 1.4487994 0.9160019 0.2233134 0.2011932 0.2444064 1.1670941 0.8290556 1.1934836 1.3835591 0.2800346 0.2664243 0.2800532 0.9958151 1.4562629 1.3301996 1.6309174 0.9599884 1.0631927 1.1846957 1.3129260 1.2750702 1.1553129 0.2852694 
Mertensiidae_sp_Washington_USA      0.9525545 1.7077392 1.0693056 0.9787959 0.9054406 1.1277684 1.1919038 0.2339622 0.2743492 0.2770003 0.2081115 0.3077463 0.3789619 0.1570773 0.7841685 0.0827611 0.9881089 0.2041599 0.8247895 1.2081649 0.2777860 1.1415147 0.9693181 1.6364321 0.3452720 0.0092185 0.1331798 1.0477225 1.1680795 0.1524549 0.9521223 0.3822183 0.2370887 0.9387149 0.9713658 1.1286081 0.2792294 0.2969156 1.2704939 1.2768942 0.6767088 0.9261849 1.0601749 0.9959069 1.0330087 0.1942439 0.3467215 0.0358397 0.0000000 0.1917434 1.6599329 1.0758073 1.0551140 0.9678333 0.9137381 0.2140649 0.2065253 0.1439245 0.9827954 0.8427850 1.0555816 1.1184961 0.3705288 0.2550440 0.2455780 1.3337804 1.2018918 1.3334943 1.6269741 0.9508732 0.9481162 1.0693165 1.0499118 1.2626737 0.9556992 0.3112861 
Mnemiopsis_leidyi                   1.1096573 1.8483634 1.3308290 1.4096599 1.2765258 1.5794465 1.8011953 0.1498217 0.2299320 0.2471713 0.1265895 0.2221632 0.0407298 0.0988958 1.2669477 0.2737156 1.3076562 0.1060057 1.6561997 1.6886312 0.3160459 1.1870913 1.3696190 1.7923355 0.0922722 0.1524864 0.2095145 1.4304824 1.6832283 0.1894466 1.2896778 0.4078078 0.0641507 1.3761253 1.3340711 1.4996717 0.3203239 0.2849065 1.6745771 1.3334830 0.9843991 1.2011377 1.3835480 1.5603629 1.5616825 0.0662554 0.4134175 0.1980300 0.1917434 0.0000000 2.1855248 1.4172377 1.7231292 1.1812995 1.2378234 0.1108026 0.1239917 0.1553226 1.3854833 1.1214236 1.5371372 1.4374511 0.3273961 0.3124817 0.1335147 1.4584646 1.9205253 1.6851867 2.1915722 1.3892614 1.2502310 1.4265509 1.4335136 1.8620899 1.2951243 0.3241738 
